4.00000e+02 2.87366e+00 1.50007e+00
4.01000e+02 2.87653e+00 1.49714e+00
4.02000e+02 2.87942e+00 1.49422e+00
4.03000e+02 2.88232e+00 1.49130e+00
4.04000e+02 2.88523e+00 1.48839e+00
4.05000e+02 2.88816e+00 1.48549e+00
4.06000e+02 2.89110e+00 1.48259e+00
4.07000e+02 2.89405e+00 1.47970e+00
4.08000e+02 2.89701e+00 1.47682e+00
4.09000e+02 2.89999e+00 1.47394e+00
4.10000e+02 2.90299e+00 1.47107e+00
4.11000e+02 2.90600e+00 1.46820e+00
4.12000e+02 2.90902e+00 1.46534e+00
4.13000e+02 2.91206e+00 1.46249e+00
4.14000e+02 2.91512e+00 1.45964e+00
4.15000e+02 2.91819e+00 1.45680e+00
4.16000e+02 2.92128e+00 1.45396e+00
4.17000e+02 2.92439e+00 1.45113e+00
4.18000e+02 2.92751e+00 1.44831e+00
4.19000e+02 2.93064e+00 1.44549e+00
4.20000e+02 2.93379e+00 1.44268e+00
4.21000e+02 2.93696e+00 1.43987e+00
4.22000e+02 2.94014e+00 1.43707e+00
4.23000e+02 2.94334e+00 1.43427e+00
4.24000e+02 2.94655e+00 1.43148e+00
4.25000e+02 2.94977e+00 1.42870e+00
4.26000e+02 2.95301e+00 1.42592e+00
4.27000e+02 2.95625e+00 1.42314e+00
4.28000e+02 2.95951e+00 1.42037e+00
4.29000e+02 2.96278e+00 1.41761e+00
4.30000e+02 2.96606e+00 1.41485e+00
4.31000e+02 2.96934e+00 1.41209e+00
4.32000e+02 2.97263e+00 1.40935e+00
4.33000e+02 2.97592e+00 1.40660e+00
4.34000e+02 2.97922e+00 1.40386e+00
4.35000e+02 2.98252e+00 1.40113e+00
4.36000e+02 2.98582e+00 1.39840e+00
4.37000e+02 2.98912e+00 1.39567e+00
4.38000e+02 2.99241e+00 1.39295e+00
4.39000e+02 2.99570e+00 1.39024e+00
4.40000e+02 2.99898e+00 1.38753e+00
4.41000e+02 3.00225e+00 1.38482e+00
4.42000e+02 3.00551e+00 1.38212e+00
4.43000e+02 3.00876e+00 1.37942e+00
4.44000e+02 3.01199e+00 1.37673e+00
4.45000e+02 3.01521e+00 1.37404e+00
4.46000e+02 3.01840e+00 1.37136e+00
4.47000e+02 3.02158e+00 1.36868e+00
4.48000e+02 3.02473e+00 1.36600e+00
4.49000e+02 3.02786e+00 1.36333e+00
4.50000e+02 3.03096e+00 1.36066e+00
4.51000e+02 3.03403e+00 1.35800e+00
4.52000e+02 3.03707e+00 1.35534e+00
4.53000e+02 3.04009e+00 1.35269e+00
4.54000e+02 3.04307e+00 1.35004e+00
4.55000e+02 3.04601e+00 1.34739e+00
4.56000e+02 3.04892e+00 1.34475e+00
4.57000e+02 3.05180e+00 1.34211e+00
4.58000e+02 3.05464e+00 1.33948e+00
4.59000e+02 3.05744e+00 1.33685e+00
4.60000e+02 3.06020e+00 1.33422e+00
4.61000e+02 3.06292e+00 1.33160e+00
4.62000e+02 3.06561e+00 1.32898e+00
4.63000e+02 3.06825e+00 1.32636e+00
4.64000e+02 3.07086e+00 1.32375e+00
4.65000e+02 3.07343e+00 1.32114e+00
4.66000e+02 3.07596e+00 1.31854e+00
4.67000e+02 3.07845e+00 1.31594e+00
4.68000e+02 3.08091e+00 1.31334e+00
4.69000e+02 3.08332e+00 1.31075e+00
4.70000e+02 3.08571e+00 1.30816e+00
4.71000e+02 3.08806e+00 1.30557e+00
4.72000e+02 3.09037e+00 1.30299e+00
4.73000e+02 3.09265e+00 1.30041e+00
4.74000e+02 3.09491e+00 1.29783e+00
4.75000e+02 3.09713e+00 1.29526e+00
4.76000e+02 3.09933e+00 1.29269e+00
4.77000e+02 3.10150e+00 1.29012e+00
4.78000e+02 3.10365e+00 1.28756e+00
4.79000e+02 3.10577e+00 1.28500e+00
4.80000e+02 3.10787e+00 1.28244e+00
4.81000e+02 3.10996e+00 1.27989e+00
4.82000e+02 3.11203e+00 1.27734e+00
4.83000e+02 3.11408e+00 1.27479e+00
4.84000e+02 3.11612e+00 1.27225e+00
4.85000e+02 3.11815e+00 1.26970e+00
4.86000e+02 3.12017e+00 1.26717e+00
4.87000e+02 3.12218e+00 1.26463e+00
4.88000e+02 3.12418e+00 1.26210e+00
4.89000e+02 3.12618e+00 1.25957e+00
4.90000e+02 3.12818e+00 1.25704e+00
4.91000e+02 3.13017e+00 1.25452e+00
4.92000e+02 3.13216e+00 1.25200e+00
4.93000e+02 3.13416e+00 1.24948e+00
4.94000e+02 3.13615e+00 1.24696e+00
4.95000e+02 3.13815e+00 1.24445e+00
4.96000e+02 3.14015e+00 1.24194e+00
4.97000e+02 3.14216e+00 1.23944e+00
4.98000e+02 3.14418e+00 1.23693e+00
4.99000e+02 3.14620e+00 1.23443e+00
5.00000e+02 3.14822e+00 1.23193e+00
5.01000e+02 3.15026e+00 1.22943e+00
5.02000e+02 3.15230e+00 1.22694e+00
5.03000e+02 3.15435e+00 1.22445e+00
5.04000e+02 3.15641e+00 1.22196e+00
5.05000e+02 3.15848e+00 1.21948e+00
5.06000e+02 3.16056e+00 1.21699e+00
5.07000e+02 3.16265e+00 1.21451e+00
5.08000e+02 3.16474e+00 1.21203e+00
5.09000e+02 3.16685e+00 1.20956e+00
5.10000e+02 3.16896e+00 1.20708e+00
5.11000e+02 3.17108e+00 1.20461e+00
5.12000e+02 3.17321e+00 1.20214e+00
5.13000e+02 3.17535e+00 1.19968e+00
5.14000e+02 3.17749e+00 1.19721e+00
5.15000e+02 3.17965e+00 1.19475e+00
5.16000e+02 3.18180e+00 1.19229e+00
5.17000e+02 3.18397e+00 1.18984e+00
5.18000e+02 3.18614e+00 1.18738e+00
5.19000e+02 3.18831e+00 1.18493e+00
5.20000e+02 3.19049e+00 1.18248e+00
5.21000e+02 3.19267e+00 1.18003e+00
5.22000e+02 3.19486e+00 1.17759e+00
5.23000e+02 3.19704e+00 1.17515e+00
5.24000e+02 3.19923e+00 1.17270e+00
5.25000e+02 3.20142e+00 1.17027e+00
5.26000e+02 3.20362e+00 1.16783e+00
5.27000e+02 3.20581e+00 1.16539e+00
5.28000e+02 3.20800e+00 1.16296e+00
5.29000e+02 3.21019e+00 1.16053e+00
5.30000e+02 3.21238e+00 1.15810e+00
5.31000e+02 3.21457e+00 1.15568e+00
5.32000e+02 3.21676e+00 1.15326e+00
5.33000e+02 3.21894e+00 1.15083e+00
5.34000e+02 3.22112e+00 1.14841e+00
5.35000e+02 3.22330e+00 1.14600e+00
5.36000e+02 3.22547e+00 1.14358e+00
5.37000e+02 3.22764e+00 1.14117e+00
5.38000e+02 3.22981e+00 1.13876e+00
5.39000e+02 3.23197e+00 1.13635e+00
5.40000e+02 3.23412e+00 1.13394e+00
5.41000e+02 3.23627e+00 1.13153e+00
5.42000e+02 3.23841e+00 1.12913e+00
5.43000e+02 3.24055e+00 1.12673e+00
5.44000e+02 3.24268e+00 1.12433e+00
5.45000e+02 3.24480e+00 1.12193e+00
5.46000e+02 3.24692e+00 1.11954e+00
5.47000e+02 3.24903e+00 1.11714e+00
5.48000e+02 3.25113e+00 1.11475e+00
5.49000e+02 3.25322e+00 1.11236e+00
5.50000e+02 3.25531e+00 1.10997e+00
5.51000e+02 3.25739e+00 1.10759e+00
5.52000e+02 3.25946e+00 1.10520e+00
5.53000e+02 3.26152e+00 1.10282e+00
5.54000e+02 3.26357e+00 1.10044e+00
5.55000e+02 3.26562e+00 1.09806e+00
5.56000e+02 3.26765e+00 1.09568e+00
5.57000e+02 3.26968e+00 1.09331e+00
5.58000e+02 3.27170e+00 1.09094e+00
5.59000e+02 3.27371e+00 1.08856e+00
5.60000e+02 3.27571e+00 1.08620e+00
5.61000e+02 3.27771e+00 1.08383e+00
5.62000e+02 3.27969e+00 1.08146e+00
5.63000e+02 3.28166e+00 1.07910e+00
5.64000e+02 3.28363e+00 1.07674e+00
5.65000e+02 3.28559e+00 1.07437e+00
5.66000e+02 3.28753e+00 1.07202e+00
5.67000e+02 3.28947e+00 1.06966e+00
5.68000e+02 3.29140e+00 1.06730e+00
5.69000e+02 3.29332e+00 1.06495e+00
5.70000e+02 3.29523e+00 1.06260e+00
5.71000e+02 3.29713e+00 1.06025e+00
5.72000e+02 3.29902e+00 1.05790e+00
5.73000e+02 3.30090e+00 1.05555e+00
5.74000e+02 3.30277e+00 1.05321e+00
5.75000e+02 3.30464e+00 1.05087e+00
5.76000e+02 3.30649e+00 1.04852e+00
5.77000e+02 3.30833e+00 1.04619e+00
5.78000e+02 3.31017e+00 1.04385e+00
5.79000e+02 3.31199e+00 1.04151e+00
5.80000e+02 3.31381e+00 1.03918e+00
5.81000e+02 3.31561e+00 1.03684e+00
5.82000e+02 3.31741e+00 1.03451e+00
5.83000e+02 3.31919e+00 1.03218e+00
5.84000e+02 3.32097e+00 1.02986e+00
5.85000e+02 3.32274e+00 1.02753e+00
5.86000e+02 3.32449e+00 1.02521e+00
5.87000e+02 3.32624e+00 1.02288e+00
5.88000e+02 3.32798e+00 1.02056e+00
5.89000e+02 3.32971e+00 1.01824e+00
5.90000e+02 3.33143e+00 1.01593e+00
5.91000e+02 3.33313e+00 1.01361e+00
5.92000e+02 3.33483e+00 1.01130e+00
5.93000e+02 3.33652e+00 1.00898e+00
5.94000e+02 3.33820e+00 1.00667e+00
5.95000e+02 3.33987e+00 1.00437e+00
5.96000e+02 3.34154e+00 1.00206e+00
5.97000e+02 3.34319e+00 9.99752e-01
5.98000e+02 3.34483e+00 9.97449e-01
5.99000e+02 3.34646e+00 9.95146e-01
6.00000e+02 3.34808e+00 9.92846e-01
6.01000e+02 3.34970e+00 9.90547e-01
6.02000e+02 3.35130e+00 9.88250e-01
6.03000e+02 3.35289e+00 9.85955e-01
6.04000e+02 3.35448e+00 9.83661e-01
6.05000e+02 3.35605e+00 9.81369e-01
6.06000e+02 3.35762e+00 9.79079e-01
6.07000e+02 3.35917e+00 9.76790e-01
6.08000e+02 3.36072e+00 9.74503e-01
6.09000e+02 3.36226e+00 9.72218e-01
6.10000e+02 3.36378e+00 9.69934e-01
6.11000e+02 3.36530e+00 9.67653e-01
6.12000e+02 3.36681e+00 9.65372e-01
6.13000e+02 3.36831e+00 9.63094e-01
6.14000e+02 3.36980e+00 9.60817e-01
6.15000e+02 3.37128e+00 9.58542e-01
6.16000e+02 3.37275e+00 9.56269e-01
6.17000e+02 3.37421e+00 9.53998e-01
6.18000e+02 3.37566e+00 9.51728e-01
6.19000e+02 3.37710e+00 9.49460e-01
6.20000e+02 3.37854e+00 9.47193e-01
6.21000e+02 3.37996e+00 9.44928e-01
6.22000e+02 3.38137e+00 9.42665e-01
6.23000e+02 3.38278e+00 9.40404e-01
6.24000e+02 3.38418e+00 9.38145e-01
6.25000e+02 3.38556e+00 9.35887e-01
6.26000e+02 3.38694e+00 9.33631e-01
6.27000e+02 3.38831e+00 9.31377e-01
6.28000e+02 3.38967e+00 9.29124e-01
6.29000e+02 3.39102e+00 9.26874e-01
6.30000e+02 3.39236e+00 9.24625e-01
6.31000e+02 3.39369e+00 9.22377e-01
6.32000e+02 3.39502e+00 9.20132e-01
6.33000e+02 3.39633e+00 9.17888e-01
6.34000e+02 3.39764e+00 9.15646e-01
6.35000e+02 3.39893e+00 9.13406e-01
6.36000e+02 3.40022e+00 9.11168e-01
6.37000e+02 3.40150e+00 9.08931e-01
6.38000e+02 3.40277e+00 9.06697e-01
6.39000e+02 3.40403e+00 9.04464e-01
6.40000e+02 3.40528e+00 9.02233e-01
6.41000e+02 3.40653e+00 9.00003e-01
6.42000e+02 3.40776e+00 8.97776e-01
6.43000e+02 3.40899e+00 8.95550e-01
6.44000e+02 3.41021e+00 8.93326e-01
6.45000e+02 3.41142e+00 8.91104e-01
6.46000e+02 3.41262e+00 8.88884e-01
6.47000e+02 3.41381e+00 8.86666e-01
6.48000e+02 3.41499e+00 8.84449e-01
6.49000e+02 3.41617e+00 8.82235e-01
6.50000e+02 3.41733e+00 8.80022e-01
6.51000e+02 3.41849e+00 8.77811e-01
6.52000e+02 3.41964e+00 8.75602e-01
6.53000e+02 3.42078e+00 8.73395e-01
6.54000e+02 3.42192e+00 8.71189e-01
6.55000e+02 3.42304e+00 8.68986e-01
6.56000e+02 3.42416e+00 8.66785e-01
6.57000e+02 3.42527e+00 8.64585e-01
6.58000e+02 3.42637e+00 8.62387e-01
6.59000e+02 3.42746e+00 8.60192e-01
6.60000e+02 3.42854e+00 8.57998e-01
6.61000e+02 3.42962e+00 8.55806e-01
6.62000e+02 3.43069e+00 8.53616e-01
6.63000e+02 3.43175e+00 8.51428e-01
6.64000e+02 3.43280e+00 8.49242e-01
6.65000e+02 3.43385e+00 8.47058e-01
6.66000e+02 3.43488e+00 8.44876e-01
6.67000e+02 3.43591e+00 8.42696e-01
6.68000e+02 3.43693e+00 8.40518e-01
6.69000e+02 3.43795e+00 8.38342e-01
6.70000e+02 3.43895e+00 8.36168e-01
6.71000e+02 3.43995e+00 8.33995e-01
6.72000e+02 3.44094e+00 8.31825e-01
6.73000e+02 3.44192e+00 8.29657e-01
6.74000e+02 3.44290e+00 8.27491e-01
6.75000e+02 3.44387e+00 8.25327e-01
6.76000e+02 3.44483e+00 8.23165e-01
6.77000e+02 3.44578e+00 8.21005e-01
6.78000e+02 3.44673e+00 8.18848e-01
6.79000e+02 3.44767e+00 8.16692e-01
6.80000e+02 3.44860e+00 8.14538e-01
6.81000e+02 3.44952e+00 8.12386e-01
6.82000e+02 3.45044e+00 8.10237e-01
6.83000e+02 3.45135e+00 8.08090e-01
6.84000e+02 3.45225e+00 8.05944e-01
6.85000e+02 3.45315e+00 8.03801e-01
6.86000e+02 3.45403e+00 8.01660e-01
6.87000e+02 3.45492e+00 7.99521e-01
6.88000e+02 3.45579e+00 7.97384e-01
6.89000e+02 3.45666e+00 7.95250e-01
6.90000e+02 3.45752e+00 7.93117e-01
6.91000e+02 3.45837e+00 7.90987e-01
6.92000e+02 3.45922e+00 7.88859e-01
6.93000e+02 3.46006e+00 7.86733e-01
6.94000e+02 3.46089e+00 7.84609e-01
6.95000e+02 3.46172e+00 7.82488e-01
6.96000e+02 3.46254e+00 7.80368e-01
6.97000e+02 3.46336e+00 7.78251e-01
6.98000e+02 3.46416e+00 7.76136e-01
6.99000e+02 3.46497e+00 7.74024e-01
7.00000e+02 3.46576e+00 7.71913e-01
7.01000e+02 3.46655e+00 7.69805e-01
7.02000e+02 3.46733e+00 7.67699e-01
7.03000e+02 3.46810e+00 7.65596e-01
7.04000e+02 3.46887e+00 7.63495e-01
7.05000e+02 3.46964e+00 7.61396e-01
7.06000e+02 3.47039e+00 7.59299e-01
7.07000e+02 3.47114e+00 7.57204e-01
7.08000e+02 3.47189e+00 7.55112e-01
7.09000e+02 3.47263e+00 7.53023e-01
7.10000e+02 3.47336e+00 7.50935e-01
7.11000e+02 3.47409e+00 7.48850e-01
7.12000e+02 3.47481e+00 7.46767e-01
7.13000e+02 3.47552e+00 7.44687e-01
7.14000e+02 3.47623e+00 7.42609e-01
7.15000e+02 3.47693e+00 7.40534e-01
7.16000e+02 3.47763e+00 7.38460e-01
7.17000e+02 3.47832e+00 7.36390e-01
7.18000e+02 3.47900e+00 7.34321e-01
7.19000e+02 3.47968e+00 7.32255e-01
7.20000e+02 3.48036e+00 7.30192e-01
7.21000e+02 3.48103e+00 7.28131e-01
7.22000e+02 3.48169e+00 7.26072e-01
7.23000e+02 3.48234e+00 7.24016e-01
7.24000e+02 3.48300e+00 7.21962e-01
7.25000e+02 3.48364e+00 7.19911e-01
7.26000e+02 3.48428e+00 7.17862e-01
7.27000e+02 3.48492e+00 7.15816e-01
7.28000e+02 3.48555e+00 7.13772e-01
7.29000e+02 3.48617e+00 7.11731e-01
7.30000e+02 3.48679e+00 7.09692e-01
7.31000e+02 3.48740e+00 7.07656e-01
7.32000e+02 3.48801e+00 7.05623e-01
7.33000e+02 3.48862e+00 7.03591e-01
7.34000e+02 3.48921e+00 7.01563e-01
7.35000e+02 3.48981e+00 6.99537e-01
7.36000e+02 3.49039e+00 6.97514e-01
7.37000e+02 3.49098e+00 6.95493e-01
7.38000e+02 3.49156e+00 6.93475e-01
7.39000e+02 3.49213e+00 6.91459e-01
7.40000e+02 3.49270e+00 6.89446e-01
7.41000e+02 3.49326e+00 6.87436e-01
7.42000e+02 3.49382e+00 6.85428e-01
7.43000e+02 3.49437e+00 6.83423e-01
7.44000e+02 3.49492e+00 6.81421e-01
7.45000e+02 3.49546e+00 6.79421e-01
7.46000e+02 3.49600e+00 6.77424e-01
7.47000e+02 3.49653e+00 6.75429e-01
7.48000e+02 3.49706e+00 6.73438e-01
7.49000e+02 3.49758e+00 6.71449e-01
7.50000e+02 3.49810e+00 6.69462e-01
7.51000e+02 3.49862e+00 6.67479e-01
7.52000e+02 3.49913e+00 6.65498e-01
7.53000e+02 3.49963e+00 6.63520e-01
7.54000e+02 3.50013e+00 6.61545e-01
7.55000e+02 3.50063e+00 6.59572e-01
7.56000e+02 3.50112e+00 6.57602e-01
7.57000e+02 3.50161e+00 6.55635e-01
7.58000e+02 3.50209e+00 6.53671e-01
7.59000e+02 3.50257e+00 6.51709e-01
7.60000e+02 3.50304e+00 6.49751e-01
7.61000e+02 3.50351e+00 6.47795e-01
7.62000e+02 3.50398e+00 6.45842e-01
7.63000e+02 3.50444e+00 6.43891e-01
7.64000e+02 3.50490e+00 6.41944e-01
7.65000e+02 3.50535e+00 6.39999e-01
7.66000e+02 3.50580e+00 6.38058e-01
7.67000e+02 3.50624e+00 6.36119e-01
7.68000e+02 3.50668e+00 6.34183e-01
7.69000e+02 3.50711e+00 6.32250e-01
7.70000e+02 3.50754e+00 6.30320e-01
7.71000e+02 3.50797e+00 6.28392e-01
7.72000e+02 3.50839e+00 6.26468e-01
7.73000e+02 3.50881e+00 6.24546e-01
7.74000e+02 3.50923e+00 6.22628e-01
7.75000e+02 3.50964e+00 6.20712e-01
7.76000e+02 3.51004e+00 6.18800e-01
7.77000e+02 3.51044e+00 6.16890e-01
7.78000e+02 3.51084e+00 6.14983e-01
7.79000e+02 3.51124e+00 6.13079e-01
7.80000e+02 3.51163e+00 6.11178e-01
7.81000e+02 3.51201e+00 6.09281e-01
7.82000e+02 3.51239e+00 6.07386e-01
7.83000e+02 3.51277e+00 6.05494e-01
7.84000e+02 3.51315e+00 6.03605e-01
7.85000e+02 3.51352e+00 6.01719e-01
7.86000e+02 3.51388e+00 5.99836e-01
7.87000e+02 3.51424e+00 5.97957e-01
7.88000e+02 3.51460e+00 5.96080e-01
7.89000e+02 3.51496e+00 5.94206e-01
7.90000e+02 3.51531e+00 5.92336e-01
7.91000e+02 3.51566e+00 5.90468e-01
7.92000e+02 3.51600e+00 5.88604e-01
7.93000e+02 3.51634e+00 5.86742e-01
7.94000e+02 3.51667e+00 5.84884e-01
7.95000e+02 3.51700e+00 5.83029e-01
7.96000e+02 3.51733e+00 5.81177e-01
7.97000e+02 3.51766e+00 5.79328e-01
7.98000e+02 3.51798e+00 5.77482e-01
7.99000e+02 3.51829e+00 5.75639e-01
8.00000e+02 3.51861e+00 5.73800e-01
8.01000e+02 3.51892e+00 5.71963e-01
8.02000e+02 3.51922e+00 5.70130e-01
8.03000e+02 3.51952e+00 5.68300e-01
8.04000e+02 3.51982e+00 5.66473e-01
8.05000e+02 3.52012e+00 5.64649e-01
8.06000e+02 3.52041e+00 5.62829e-01
8.07000e+02 3.52070e+00 5.61011e-01
8.08000e+02 3.52098e+00 5.59197e-01
8.09000e+02 3.52126e+00 5.57386e-01
8.10000e+02 3.52154e+00 5.55578e-01
8.11000e+02 3.52181e+00 5.53774e-01
8.12000e+02 3.52208e+00 5.51972e-01
8.13000e+02 3.52234e+00 5.50174e-01
8.14000e+02 3.52261e+00 5.48380e-01
8.15000e+02 3.52287e+00 5.46588e-01
8.16000e+02 3.52312e+00 5.44800e-01
8.17000e+02 3.52337e+00 5.43015e-01
8.18000e+02 3.52362e+00 5.41233e-01
8.19000e+02 3.52386e+00 5.39454e-01
8.20000e+02 3.52411e+00 5.37679e-01
8.21000e+02 3.52434e+00 5.35907e-01
8.22000e+02 3.52458e+00 5.34138e-01
8.23000e+02 3.52481e+00 5.32373e-01
8.24000e+02 3.52503e+00 5.30611e-01
8.25000e+02 3.52526e+00 5.28852e-01
8.26000e+02 3.52548e+00 5.27097e-01
8.27000e+02 3.52569e+00 5.25345e-01
8.28000e+02 3.52591e+00 5.23596e-01
8.29000e+02 3.52612e+00 5.21851e-01
8.30000e+02 3.52632e+00 5.20109e-01
8.31000e+02 3.52653e+00 5.18370e-01
8.32000e+02 3.52672e+00 5.16635e-01
8.33000e+02 3.52692e+00 5.14903e-01
8.34000e+02 3.52711e+00 5.13175e-01
8.35000e+02 3.52730e+00 5.11449e-01
8.36000e+02 3.52749e+00 5.09728e-01
8.37000e+02 3.52767e+00 5.08009e-01
8.38000e+02 3.52785e+00 5.06294e-01
8.39000e+02 3.52802e+00 5.04583e-01
8.40000e+02 3.52819e+00 5.02875e-01
8.41000e+02 3.52836e+00 5.01170e-01
8.42000e+02 3.52853e+00 4.99468e-01
8.43000e+02 3.52869e+00 4.97771e-01
8.44000e+02 3.52885e+00 4.96076e-01
8.45000e+02 3.52900e+00 4.94385e-01
8.46000e+02 3.52915e+00 4.92697e-01
8.47000e+02 3.52930e+00 4.91013e-01
8.48000e+02 3.52944e+00 4.89333e-01
8.49000e+02 3.52958e+00 4.87655e-01
8.50000e+02 3.52972e+00 4.85982e-01
8.51000e+02 3.52986e+00 4.84311e-01
8.52000e+02 3.52999e+00 4.82644e-01
8.53000e+02 3.53011e+00 4.80981e-01
8.54000e+02 3.53024e+00 4.79321e-01
8.55000e+02 3.53036e+00 4.77665e-01
8.56000e+02 3.53048e+00 4.76012e-01
8.57000e+02 3.53059e+00 4.74363e-01
8.58000e+02 3.53070e+00 4.72717e-01
8.59000e+02 3.53081e+00 4.71074e-01
8.60000e+02 3.53091e+00 4.69436e-01
8.61000e+02 3.53101e+00 4.67800e-01
8.62000e+02 3.53111e+00 4.66168e-01
8.63000e+02 3.53120e+00 4.64540e-01
8.64000e+02 3.53129e+00 4.62915e-01
8.65000e+02 3.53138e+00 4.61294e-01
8.66000e+02 3.53146e+00 4.59677e-01
8.67000e+02 3.53154e+00 4.58062e-01
8.68000e+02 3.53162e+00 4.56452e-01
8.69000e+02 3.53169e+00 4.54845e-01
8.70000e+02 3.53176e+00 4.53241e-01
8.71000e+02 3.53183e+00 4.51641e-01
8.72000e+02 3.53189e+00 4.50045e-01
8.73000e+02 3.53195e+00 4.48452e-01
8.74000e+02 3.53201e+00 4.46863e-01
8.75000e+02 3.53206e+00 4.45277e-01
8.76000e+02 3.53211e+00 4.43695e-01
8.77000e+02 3.53216e+00 4.42117e-01
8.78000e+02 3.53220e+00 4.40542e-01
8.79000e+02 3.53224e+00 4.38970e-01
8.80000e+02 3.53227e+00 4.37403e-01
8.81000e+02 3.53231e+00 4.35839e-01
8.82000e+02 3.53234e+00 4.34278e-01
8.83000e+02 3.53236e+00 4.32721e-01
8.84000e+02 3.53239e+00 4.31168e-01
8.85000e+02 3.53241e+00 4.29618e-01
8.86000e+02 3.53242e+00 4.28072e-01
8.87000e+02 3.53243e+00 4.26529e-01
8.88000e+02 3.53244e+00 4.24990e-01
8.89000e+02 3.53245e+00 4.23455e-01
8.90000e+02 3.53245e+00 4.21923e-01
8.91000e+02 3.53245e+00 4.20395e-01
8.92000e+02 3.53245e+00 4.18871e-01
8.93000e+02 3.53244e+00 4.17350e-01
8.94000e+02 3.53243e+00 4.15833e-01
8.95000e+02 3.53242e+00 4.14319e-01
8.96000e+02 3.53240e+00 4.12809e-01
8.97000e+02 3.53238e+00 4.11303e-01
8.98000e+02 3.53236e+00 4.09801e-01
8.99000e+02 3.53233e+00 4.08302e-01
9.00000e+02 3.53230e+00 4.06806e-01
9.01000e+02 3.53226e+00 4.05314e-01
9.02000e+02 3.53223e+00 4.03826e-01
9.03000e+02 3.53219e+00 4.02342e-01
9.04000e+02 3.53214e+00 4.00861e-01
9.05000e+02 3.53209e+00 3.99384e-01
9.06000e+02 3.53204e+00 3.97911e-01
9.07000e+02 3.53199e+00 3.96441e-01
9.08000e+02 3.53193e+00 3.94975e-01
9.09000e+02 3.53187e+00 3.93512e-01
9.10000e+02 3.53181e+00 3.92053e-01
9.11000e+02 3.53174e+00 3.90598e-01
9.12000e+02 3.53167e+00 3.89146e-01
9.13000e+02 3.53160e+00 3.87699e-01
9.14000e+02 3.53152e+00 3.86254e-01
9.15000e+02 3.53144e+00 3.84814e-01
9.16000e+02 3.53136e+00 3.83377e-01
9.17000e+02 3.53127e+00 3.81944e-01
9.18000e+02 3.53118e+00 3.80514e-01
9.19000e+02 3.53109e+00 3.79088e-01
9.20000e+02 3.53099e+00 3.77666e-01
9.21000e+02 3.53089e+00 3.76247e-01
9.22000e+02 3.53079e+00 3.74832e-01
9.23000e+02 3.53068e+00 3.73421e-01
9.24000e+02 3.53057e+00 3.72014e-01
9.25000e+02 3.53046e+00 3.70610e-01
9.26000e+02 3.53034e+00 3.69210e-01
9.27000e+02 3.53023e+00 3.67813e-01
9.28000e+02 3.53010e+00 3.66420e-01
9.29000e+02 3.52998e+00 3.65031e-01
9.30000e+02 3.52985e+00 3.63645e-01
9.31000e+02 3.52972e+00 3.62263e-01
9.32000e+02 3.52958e+00 3.60885e-01
9.33000e+02 3.52944e+00 3.59511e-01
9.34000e+02 3.52930e+00 3.58140e-01
9.35000e+02 3.52916e+00 3.56772e-01
9.36000e+02 3.52901e+00 3.55409e-01
9.37000e+02 3.52886e+00 3.54049e-01
9.38000e+02 3.52870e+00 3.52693e-01
9.39000e+02 3.52855e+00 3.51340e-01
9.40000e+02 3.52839e+00 3.49991e-01
9.41000e+02 3.52822e+00 3.48646e-01
9.42000e+02 3.52806e+00 3.47304e-01
9.43000e+02 3.52789e+00 3.45967e-01
9.44000e+02 3.52771e+00 3.44632e-01
9.45000e+02 3.52754e+00 3.43302e-01
9.46000e+02 3.52736e+00 3.41975e-01
9.47000e+02 3.52717e+00 3.40651e-01
9.48000e+02 3.52699e+00 3.39332e-01
9.49000e+02 3.52680e+00 3.38016e-01
9.50000e+02 3.52661e+00 3.36704e-01
9.51000e+02 3.52641e+00 3.35395e-01
9.52000e+02 3.52622e+00 3.34090e-01
9.53000e+02 3.52601e+00 3.32788e-01
9.54000e+02 3.52581e+00 3.31491e-01
9.55000e+02 3.52560e+00 3.30197e-01
9.56000e+02 3.52539e+00 3.28906e-01
9.57000e+02 3.52518e+00 3.27619e-01
9.58000e+02 3.52497e+00 3.26336e-01
9.59000e+02 3.52475e+00 3.25057e-01
9.60000e+02 3.52452e+00 3.23781e-01
9.61000e+02 3.52430e+00 3.22509e-01
9.62000e+02 3.52407e+00 3.21240e-01
9.63000e+02 3.52384e+00 3.19975e-01
9.64000e+02 3.52361e+00 3.18714e-01
9.65000e+02 3.52337e+00 3.17456e-01
9.66000e+02 3.52313e+00 3.16202e-01
9.67000e+02 3.52289e+00 3.14951e-01
9.68000e+02 3.52264e+00 3.13705e-01
9.69000e+02 3.52239e+00 3.12461e-01
9.70000e+02 3.52214e+00 3.11222e-01
9.71000e+02 3.52189e+00 3.09986e-01
9.72000e+02 3.52163e+00 3.08753e-01
9.73000e+02 3.52137e+00 3.07524e-01
9.74000e+02 3.52111e+00 3.06299e-01
9.75000e+02 3.52085e+00 3.05078e-01
9.76000e+02 3.52058e+00 3.03860e-01
9.77000e+02 3.52031e+00 3.02645e-01
9.78000e+02 3.52003e+00 3.01434e-01
9.79000e+02 3.51976e+00 3.00227e-01
9.80000e+02 3.51948e+00 2.99023e-01
9.81000e+02 3.51919e+00 2.97823e-01
9.82000e+02 3.51891e+00 2.96627e-01
9.83000e+02 3.51862e+00 2.95434e-01
9.84000e+02 3.51833e+00 2.94245e-01
9.85000e+02 3.51804e+00 2.93059e-01
9.86000e+02 3.51774e+00 2.91877e-01
9.87000e+02 3.51745e+00 2.90698e-01
9.88000e+02 3.51714e+00 2.89523e-01
9.89000e+02 3.51684e+00 2.88351e-01
9.90000e+02 3.51654e+00 2.87183e-01
9.91000e+02 3.51623e+00 2.86019e-01
9.92000e+02 3.51592e+00 2.84858e-01
9.93000e+02 3.51560e+00 2.83701e-01
9.94000e+02 3.51528e+00 2.82547e-01
9.95000e+02 3.51497e+00 2.81396e-01
9.96000e+02 3.51464e+00 2.80250e-01
9.97000e+02 3.51432e+00 2.79106e-01
9.98000e+02 3.51399e+00 2.77967e-01
9.99000e+02 3.51366e+00 2.76830e-01
1.00000e+03 3.51333e+00 2.75698e-01
1.00100e+03 3.51300e+00 2.74568e-01
1.00200e+03 3.51266e+00 2.73443e-01
1.00300e+03 3.51232e+00 2.72321e-01
1.00400e+03 3.51198e+00 2.71202e-01
1.00500e+03 3.51164e+00 2.70087e-01
1.00600e+03 3.51129e+00 2.68975e-01
1.00700e+03 3.51094e+00 2.67867e-01
1.00800e+03 3.51059e+00 2.66762e-01
1.00900e+03 3.51024e+00 2.65660e-01
1.01000e+03 3.50988e+00 2.64563e-01
1.01100e+03 3.50953e+00 2.63468e-01
1.01200e+03 3.50917e+00 2.62377e-01
1.01300e+03 3.50880e+00 2.61290e-01
1.01400e+03 3.50844e+00 2.60206e-01
1.01500e+03 3.50807e+00 2.59125e-01
1.01600e+03 3.50770e+00 2.58048e-01
1.01700e+03 3.50733e+00 2.56974e-01
1.01800e+03 3.50696e+00 2.55904e-01
1.01900e+03 3.50658e+00 2.54837e-01
1.02000e+03 3.50620e+00 2.53774e-01
1.02100e+03 3.50582e+00 2.52714e-01
1.02200e+03 3.50544e+00 2.51657e-01
1.02300e+03 3.50506e+00 2.50604e-01
1.02400e+03 3.50467e+00 2.49554e-01
1.02500e+03 3.50428e+00 2.48507e-01
1.02600e+03 3.50389e+00 2.47464e-01
1.02700e+03 3.50350e+00 2.46425e-01
1.02800e+03 3.50310e+00 2.45388e-01
1.02900e+03 3.50271e+00 2.44355e-01
1.03000e+03 3.50231e+00 2.43326e-01
1.03100e+03 3.50191e+00 2.42299e-01
1.03200e+03 3.50151e+00 2.41276e-01
1.03300e+03 3.50110e+00 2.40257e-01
1.03400e+03 3.50070e+00 2.39241e-01
1.03500e+03 3.50029e+00 2.38228e-01
1.03600e+03 3.49988e+00 2.37218e-01
1.03700e+03 3.49946e+00 2.36212e-01
1.03800e+03 3.49905e+00 2.35209e-01
1.03900e+03 3.49864e+00 2.34209e-01
1.04000e+03 3.49822e+00 2.33213e-01
1.04100e+03 3.49780e+00 2.32220e-01
1.04200e+03 3.49738e+00 2.31230e-01
1.04300e+03 3.49695e+00 2.30244e-01
1.04400e+03 3.49653e+00 2.29261e-01
1.04500e+03 3.49610e+00 2.28281e-01
1.04600e+03 3.49568e+00 2.27304e-01
1.04700e+03 3.49525e+00 2.26331e-01
1.04800e+03 3.49481e+00 2.25361e-01
1.04900e+03 3.49438e+00 2.24394e-01
1.05000e+03 3.49395e+00 2.23431e-01
1.05100e+03 3.49351e+00 2.22470e-01
1.05200e+03 3.49307e+00 2.21513e-01
1.05300e+03 3.49263e+00 2.20559e-01
1.05400e+03 3.49219e+00 2.19608e-01
1.05500e+03 3.49175e+00 2.18661e-01
1.05600e+03 3.49131e+00 2.17717e-01
1.05700e+03 3.49086e+00 2.16776e-01
1.05800e+03 3.49041e+00 2.15838e-01
1.05900e+03 3.48996e+00 2.14903e-01
1.06000e+03 3.48951e+00 2.13971e-01
1.06100e+03 3.48906e+00 2.13043e-01
1.06200e+03 3.48861e+00 2.12118e-01
1.06300e+03 3.48816e+00 2.11196e-01
1.06400e+03 3.48770e+00 2.10277e-01
1.06500e+03 3.48724e+00 2.09361e-01
1.06600e+03 3.48679e+00 2.08449e-01
1.06700e+03 3.48633e+00 2.07539e-01
1.06800e+03 3.48586e+00 2.06633e-01
1.06900e+03 3.48540e+00 2.05730e-01
1.07000e+03 3.48494e+00 2.04829e-01
1.07100e+03 3.48447e+00 2.03932e-01
1.07200e+03 3.48401e+00 2.03039e-01
1.07300e+03 3.48354e+00 2.02148e-01
1.07400e+03 3.48307e+00 2.01260e-01
1.07500e+03 3.48260e+00 2.00375e-01
1.07600e+03 3.48213e+00 1.99494e-01
1.07700e+03 3.48166e+00 1.98615e-01
1.07800e+03 3.48119e+00 1.97740e-01
1.07900e+03 3.48071e+00 1.96867e-01
1.08000e+03 3.48024e+00 1.95998e-01
1.08100e+03 3.47976e+00 1.95131e-01
1.08200e+03 3.47929e+00 1.94268e-01
1.08300e+03 3.47881e+00 1.93408e-01
1.08400e+03 3.47833e+00 1.92550e-01
1.08500e+03 3.47785e+00 1.91696e-01
1.08600e+03 3.47737e+00 1.90845e-01
1.08700e+03 3.47689e+00 1.89996e-01
1.08800e+03 3.47640e+00 1.89151e-01
1.08900e+03 3.47592e+00 1.88309e-01
1.09000e+03 3.47543e+00 1.87469e-01
1.09100e+03 3.47495e+00 1.86633e-01
1.09200e+03 3.47446e+00 1.85799e-01
1.09300e+03 3.47397e+00 1.84969e-01
1.09400e+03 3.47349e+00 1.84141e-01
1.09500e+03 3.47300e+00 1.83317e-01
1.09600e+03 3.47251e+00 1.82495e-01
1.09700e+03 3.47202e+00 1.81676e-01
1.09800e+03 3.47152e+00 1.80860e-01
1.09900e+03 3.47103e+00 1.80047e-01
1.10000e+03 3.47054e+00 1.79237e-01
1.10100e+03 3.47005e+00 1.78430e-01
1.10200e+03 3.46955e+00 1.77625e-01
1.10300e+03 3.46906e+00 1.76824e-01
1.10400e+03 3.46856e+00 1.76025e-01
1.10500e+03 3.46806e+00 1.75230e-01
1.10600e+03 3.46757e+00 1.74437e-01
1.10700e+03 3.46707e+00 1.73647e-01
1.10800e+03 3.46657e+00 1.72859e-01
1.10900e+03 3.46607e+00 1.72075e-01
1.11000e+03 3.46557e+00 1.71293e-01
1.11100e+03 3.46507e+00 1.70515e-01
1.11200e+03 3.46457e+00 1.69739e-01
1.11300e+03 3.46407e+00 1.68965e-01
1.11400e+03 3.46357e+00 1.68195e-01
1.11500e+03 3.46307e+00 1.67427e-01
1.11600e+03 3.46257e+00 1.66663e-01
1.11700e+03 3.46207e+00 1.65901e-01
1.11800e+03 3.46156e+00 1.65141e-01
1.11900e+03 3.46106e+00 1.64385e-01
1.12000e+03 3.46056e+00 1.63631e-01
1.12100e+03 3.46005e+00 1.62880e-01
1.12200e+03 3.45955e+00 1.62132e-01
1.12300e+03 3.45904e+00 1.61386e-01
1.12400e+03 3.45854e+00 1.60643e-01
1.12500e+03 3.45803e+00 1.59903e-01
1.12600e+03 3.45752e+00 1.59165e-01
1.12700e+03 3.45702e+00 1.58431e-01
1.12800e+03 3.45651e+00 1.57699e-01
1.12900e+03 3.45601e+00 1.56969e-01
1.13000e+03 3.45550e+00 1.56242e-01
1.13100e+03 3.45499e+00 1.55518e-01
1.13200e+03 3.45448e+00 1.54797e-01
1.13300e+03 3.45398e+00 1.54078e-01
1.13400e+03 3.45347e+00 1.53362e-01
1.13500e+03 3.45296e+00 1.52648e-01
1.13600e+03 3.45245e+00 1.51937e-01
1.13700e+03 3.45194e+00 1.51229e-01
1.13800e+03 3.45144e+00 1.50523e-01
1.13900e+03 3.45093e+00 1.49820e-01
1.14000e+03 3.45042e+00 1.49120e-01
1.14100e+03 3.44991e+00 1.48422e-01
1.14200e+03 3.44940e+00 1.47727e-01
1.14300e+03 3.44889e+00 1.47034e-01
1.14400e+03 3.44838e+00 1.46344e-01
1.14500e+03 3.44788e+00 1.45656e-01
1.14600e+03 3.44737e+00 1.44971e-01
1.14700e+03 3.44686e+00 1.44288e-01
1.14800e+03 3.44635e+00 1.43609e-01
1.14900e+03 3.44584e+00 1.42931e-01
1.15000e+03 3.44533e+00 1.42256e-01
1.15100e+03 3.44482e+00 1.41584e-01
1.15200e+03 3.44432e+00 1.40914e-01
1.15300e+03 3.44381e+00 1.40246e-01
1.15400e+03 3.44330e+00 1.39581e-01
1.15500e+03 3.44279e+00 1.38919e-01
1.15600e+03 3.44228e+00 1.38259e-01
1.15700e+03 3.44177e+00 1.37601e-01
1.15800e+03 3.44127e+00 1.36946e-01
1.15900e+03 3.44076e+00 1.36294e-01
1.16000e+03 3.44025e+00 1.35644e-01
1.16100e+03 3.43974e+00 1.34996e-01
1.16200e+03 3.43924e+00 1.34351e-01
1.16300e+03 3.43873e+00 1.33708e-01
1.16400e+03 3.43822e+00 1.33067e-01
1.16500e+03 3.43772e+00 1.32429e-01
1.16600e+03 3.43721e+00 1.31794e-01
1.16700e+03 3.43670e+00 1.31160e-01
1.16800e+03 3.43620e+00 1.30529e-01
1.16900e+03 3.43569e+00 1.29901e-01
1.17000e+03 3.43519e+00 1.29275e-01
1.17100e+03 3.43468e+00 1.28651e-01
1.17200e+03 3.43418e+00 1.28030e-01
1.17300e+03 3.43367e+00 1.27411e-01
1.17400e+03 3.43317e+00 1.26794e-01
1.17500e+03 3.43266e+00 1.26180e-01
1.17600e+03 3.43216e+00 1.25568e-01
1.17700e+03 3.43166e+00 1.24958e-01
1.17800e+03 3.43116e+00 1.24351e-01
1.17900e+03 3.43065e+00 1.23746e-01
1.18000e+03 3.43015e+00 1.23143e-01
1.18100e+03 3.42965e+00 1.22542e-01
1.18200e+03 3.42915e+00 1.21944e-01
1.18300e+03 3.42865e+00 1.21348e-01
1.18400e+03 3.42815e+00 1.20755e-01
1.18500e+03 3.42765e+00 1.20164e-01
1.18600e+03 3.42715e+00 1.19574e-01
1.18700e+03 3.42665e+00 1.18988e-01
1.18800e+03 3.42615e+00 1.18403e-01
1.18900e+03 3.42565e+00 1.17821e-01
1.19000e+03 3.42515e+00 1.17241e-01
1.19100e+03 3.42466e+00 1.16663e-01
1.19200e+03 3.42416e+00 1.16087e-01
1.19300e+03 3.42366e+00 1.15514e-01
1.19400e+03 3.42317e+00 1.14943e-01
1.19500e+03 3.42267e+00 1.14374e-01
1.19600e+03 3.42218e+00 1.13807e-01
1.19700e+03 3.42169e+00 1.13242e-01
1.19800e+03 3.42119e+00 1.12680e-01
1.19900e+03 3.42070e+00 1.12119e-01
1.20000e+03 3.42021e+00 1.11561e-01
1.20100e+03 3.41971e+00 1.11005e-01
1.20200e+03 3.41922e+00 1.10452e-01
1.20300e+03 3.41873e+00 1.09900e-01
1.20400e+03 3.41824e+00 1.09350e-01
1.20500e+03 3.41775e+00 1.08803e-01
1.20600e+03 3.41726e+00 1.08258e-01
1.20700e+03 3.41677e+00 1.07715e-01
1.20800e+03 3.41629e+00 1.07174e-01
1.20900e+03 3.41580e+00 1.06635e-01
1.21000e+03 3.41531e+00 1.06098e-01
1.21100e+03 3.41483e+00 1.05564e-01
1.21200e+03 3.41434e+00 1.05031e-01
1.21300e+03 3.41386e+00 1.04501e-01
1.21400e+03 3.41337e+00 1.03972e-01
1.21500e+03 3.41289e+00 1.03446e-01
1.21600e+03 3.41241e+00 1.02922e-01
1.21700e+03 3.41192e+00 1.02399e-01
1.21800e+03 3.41144e+00 1.01879e-01
1.21900e+03 3.41096e+00 1.01361e-01
1.22000e+03 3.41048e+00 1.00845e-01
1.22100e+03 3.41000e+00 1.00331e-01
1.22200e+03 3.40952e+00 9.98194e-02
1.22300e+03 3.40905e+00 9.93095e-02
1.22400e+03 3.40857e+00 9.88016e-02
1.22500e+03 3.40809e+00 9.82957e-02
1.22600e+03 3.40762e+00 9.77919e-02
1.22700e+03 3.40714e+00 9.72900e-02
1.22800e+03 3.40667e+00 9.67902e-02
1.22900e+03 3.40619e+00 9.62923e-02
1.23000e+03 3.40572e+00 9.57965e-02
1.23100e+03 3.40525e+00 9.53026e-02
1.23200e+03 3.40477e+00 9.48107e-02
1.23300e+03 3.40430e+00 9.43208e-02
1.23400e+03 3.40383e+00 9.38328e-02
1.23500e+03 3.40336e+00 9.33468e-02
1.23600e+03 3.40289e+00 9.28628e-02
1.23700e+03 3.40243e+00 9.23807e-02
1.23800e+03 3.40196e+00 9.19006e-02
1.23900e+03 3.40149e+00 9.14224e-02
1.24000e+03 3.40102e+00 9.09462e-02
1.24100e+03 3.40056e+00 9.04718e-02
1.24200e+03 3.40010e+00 8.99994e-02
1.24300e+03 3.39963e+00 8.95290e-02
1.24400e+03 3.39917e+00 8.90604e-02
1.24500e+03 3.39871e+00 8.85938e-02
1.24600e+03 3.39824e+00 8.81290e-02
1.24700e+03 3.39778e+00 8.76662e-02
1.24800e+03 3.39732e+00 8.72053e-02
1.24900e+03 3.39686e+00 8.67462e-02
1.25000e+03 3.39641e+00 8.62891e-02
1.25100e+03 3.39595e+00 8.58338e-02
1.25200e+03 3.39549e+00 8.53804e-02
1.25300e+03 3.39504e+00 8.49289e-02
1.25400e+03 3.39458e+00 8.44792e-02
1.25500e+03 3.39413e+00 8.40315e-02
1.25600e+03 3.39367e+00 8.35855e-02
1.25700e+03 3.39322e+00 8.31415e-02
1.25800e+03 3.39277e+00 8.26992e-02
1.25900e+03 3.39231e+00 8.22589e-02
1.26000e+03 3.39186e+00 8.18203e-02
1.26100e+03 3.39141e+00 8.13836e-02
1.26200e+03 3.39096e+00 8.09488e-02
1.26300e+03 3.39052e+00 8.05157e-02
1.26400e+03 3.39007e+00 8.00845e-02
1.26500e+03 3.38962e+00 7.96551e-02
1.26600e+03 3.38918e+00 7.92275e-02
1.26700e+03 3.38873e+00 7.88018e-02
1.26800e+03 3.38829e+00 7.83778e-02
1.26900e+03 3.38784e+00 7.79557e-02
1.27000e+03 3.38740e+00 7.75353e-02
1.27100e+03 3.38696e+00 7.71168e-02
1.27200e+03 3.38651e+00 7.67000e-02
1.27300e+03 3.38607e+00 7.62850e-02
1.27400e+03 3.38563e+00 7.58718e-02
1.27500e+03 3.38519e+00 7.54604e-02
1.27600e+03 3.38476e+00 7.50508e-02
1.27700e+03 3.38432e+00 7.46429e-02
1.27800e+03 3.38388e+00 7.42368e-02
1.27900e+03 3.38344e+00 7.38325e-02
1.28000e+03 3.38301e+00 7.34299e-02
1.28100e+03 3.38257e+00 7.30291e-02
1.28200e+03 3.38214e+00 7.26301e-02
1.28300e+03 3.38171e+00 7.22328e-02
1.28400e+03 3.38128e+00 7.18372e-02
1.28500e+03 3.38084e+00 7.14434e-02
1.28600e+03 3.38041e+00 7.10513e-02
1.28700e+03 3.37998e+00 7.06610e-02
1.28800e+03 3.37955e+00 7.02724e-02
1.28900e+03 3.37912e+00 6.98855e-02
1.29000e+03 3.37870e+00 6.95004e-02
1.29100e+03 3.37827e+00 6.91169e-02
1.29200e+03 3.37784e+00 6.87352e-02
1.29300e+03 3.37742e+00 6.83553e-02
1.29400e+03 3.37699e+00 6.79770e-02
1.29500e+03 3.37657e+00 6.76004e-02
1.29600e+03 3.37614e+00 6.72256e-02
1.29700e+03 3.37572e+00 6.68524e-02
1.29800e+03 3.37530e+00 6.64810e-02
1.29900e+03 3.37488e+00 6.61112e-02
1.30000e+03 3.37446e+00 6.57432e-02
1.30100e+03 3.37404e+00 6.53768e-02
1.30200e+03 3.37362e+00 6.50122e-02
1.30300e+03 3.37320e+00 6.46492e-02
1.30400e+03 3.37278e+00 6.42879e-02
1.30500e+03 3.37236e+00 6.39283e-02
1.30600e+03 3.37195e+00 6.35703e-02
1.30700e+03 3.37153e+00 6.32141e-02
1.30800e+03 3.37112e+00 6.28595e-02
1.30900e+03 3.37070e+00 6.25066e-02
1.31000e+03 3.37029e+00 6.21553e-02
1.31100e+03 3.36988e+00 6.18058e-02
1.31200e+03 3.36946e+00 6.14578e-02
1.31300e+03 3.36905e+00 6.11116e-02
1.31400e+03 3.36864e+00 6.07670e-02
1.31500e+03 3.36823e+00 6.04241e-02
1.31600e+03 3.36782e+00 6.00828e-02
1.31700e+03 3.36741e+00 5.97431e-02
1.31800e+03 3.36700e+00 5.94051e-02
1.31900e+03 3.36660e+00 5.90688e-02
1.32000e+03 3.36619e+00 5.87341e-02
1.32100e+03 3.36578e+00 5.84011e-02
1.32200e+03 3.36538e+00 5.80696e-02
1.32300e+03 3.36497e+00 5.77399e-02
1.32400e+03 3.36457e+00 5.74117e-02
1.32500e+03 3.36416e+00 5.70852e-02
1.32600e+03 3.36376e+00 5.67603e-02
1.32700e+03 3.36336e+00 5.64371e-02
1.32800e+03 3.36295e+00 5.61155e-02
1.32900e+03 3.36255e+00 5.57955e-02
1.33000e+03 3.36215e+00 5.54771e-02
1.33100e+03 3.36175e+00 5.51603e-02
1.33200e+03 3.36135e+00 5.48452e-02
1.33300e+03 3.36095e+00 5.45317e-02
1.33400e+03 3.36055e+00 5.42198e-02
1.33500e+03 3.36015e+00 5.39095e-02
1.33600e+03 3.35976e+00 5.36008e-02
1.33700e+03 3.35936e+00 5.32937e-02
1.33800e+03 3.35896e+00 5.29883e-02
1.33900e+03 3.35857e+00 5.26844e-02
1.34000e+03 3.35817e+00 5.23821e-02
1.34100e+03 3.35778e+00 5.20815e-02
1.34200e+03 3.35738e+00 5.17824e-02
1.34300e+03 3.35699e+00 5.14850e-02
1.34400e+03 3.35660e+00 5.11891e-02
1.34500e+03 3.35620e+00 5.08948e-02
1.34600e+03 3.35581e+00 5.06022e-02
1.34700e+03 3.35542e+00 5.03111e-02
1.34800e+03 3.35503e+00 5.00216e-02
1.34900e+03 3.35464e+00 4.97337e-02
1.35000e+03 3.35425e+00 4.94474e-02
1.35100e+03 3.35386e+00 4.91626e-02
1.35200e+03 3.35347e+00 4.88795e-02
1.35300e+03 3.35308e+00 4.85979e-02
1.35400e+03 3.35269e+00 4.83179e-02
1.35500e+03 3.35230e+00 4.80395e-02
1.35600e+03 3.35191e+00 4.77627e-02
1.35700e+03 3.35153e+00 4.74874e-02
1.35800e+03 3.35114e+00 4.72137e-02
1.35900e+03 3.35075e+00 4.69416e-02
1.36000e+03 3.35037e+00 4.66711e-02
1.36100e+03 3.34998e+00 4.64021e-02
1.36200e+03 3.34960e+00 4.61347e-02
1.36300e+03 3.34921e+00 4.58688e-02
1.36400e+03 3.34883e+00 4.56045e-02
1.36500e+03 3.34844e+00 4.53418e-02
1.36600e+03 3.34806e+00 4.50807e-02
1.36700e+03 3.34768e+00 4.48211e-02
1.36800e+03 3.34730e+00 4.45630e-02
1.36900e+03 3.34691e+00 4.43066e-02
1.37000e+03 3.34653e+00 4.40516e-02
1.37100e+03 3.34615e+00 4.37983e-02
1.37200e+03 3.34577e+00 4.35464e-02
1.37300e+03 3.34539e+00 4.32962e-02
1.37400e+03 3.34501e+00 4.30475e-02
1.37500e+03 3.34463e+00 4.28003e-02
1.37600e+03 3.34425e+00 4.25547e-02
1.37700e+03 3.34387e+00 4.23106e-02
1.37800e+03 3.34349e+00 4.20680e-02
1.37900e+03 3.34311e+00 4.18270e-02
1.38000e+03 3.34273e+00 4.15876e-02
1.38100e+03 3.34235e+00 4.13497e-02
1.38200e+03 3.34197e+00 4.11133e-02
1.38300e+03 3.34159e+00 4.08784e-02
1.38400e+03 3.34122e+00 4.06451e-02
1.38500e+03 3.34084e+00 4.04134e-02
1.38600e+03 3.34046e+00 4.01831e-02
1.38700e+03 3.34008e+00 3.99544e-02
1.38800e+03 3.33971e+00 3.97272e-02
1.38900e+03 3.33933e+00 3.95015e-02
1.39000e+03 3.33895e+00 3.92774e-02
1.39100e+03 3.33858e+00 3.90548e-02
1.39200e+03 3.33820e+00 3.88336e-02
1.39300e+03 3.33783e+00 3.86141e-02
1.39400e+03 3.33745e+00 3.83960e-02
1.39500e+03 3.33708e+00 3.81794e-02
1.39600e+03 3.33670e+00 3.79644e-02
1.39700e+03 3.33632e+00 3.77509e-02
1.39800e+03 3.33595e+00 3.75389e-02
1.39900e+03 3.33557e+00 3.73284e-02
1.40000e+03 3.33520e+00 3.71194e-02
1.40100e+03 3.33483e+00 3.69119e-02
1.40200e+03 3.33445e+00 3.67059e-02
1.40300e+03 3.33408e+00 3.65014e-02
1.40400e+03 3.33370e+00 3.62984e-02
1.40500e+03 3.33333e+00 3.60968e-02
1.40600e+03 3.33295e+00 3.58968e-02
1.40700e+03 3.33258e+00 3.56983e-02
1.40800e+03 3.33221e+00 3.55013e-02
1.40900e+03 3.33183e+00 3.53057e-02
1.41000e+03 3.33146e+00 3.51117e-02
1.41100e+03 3.33109e+00 3.49191e-02
1.41200e+03 3.33071e+00 3.47280e-02
1.41300e+03 3.33034e+00 3.45384e-02
1.41400e+03 3.32997e+00 3.43502e-02
1.41500e+03 3.32959e+00 3.41636e-02
1.41600e+03 3.32922e+00 3.39784e-02
1.41700e+03 3.32885e+00 3.37946e-02
1.41800e+03 3.32847e+00 3.36124e-02
1.41900e+03 3.32810e+00 3.34316e-02
1.42000e+03 3.32773e+00 3.32522e-02
1.42100e+03 3.32735e+00 3.30743e-02
1.42200e+03 3.32698e+00 3.28979e-02
1.42300e+03 3.32661e+00 3.27229e-02
1.42400e+03 3.32623e+00 3.25493e-02
1.42500e+03 3.32586e+00 3.23773e-02
1.42600e+03 3.32548e+00 3.22066e-02
1.42700e+03 3.32511e+00 3.20374e-02
1.42800e+03 3.32474e+00 3.18696e-02
1.42900e+03 3.32436e+00 3.17033e-02
1.43000e+03 3.32399e+00 3.15383e-02
1.43100e+03 3.32362e+00 3.13748e-02
1.43200e+03 3.32324e+00 3.12128e-02
1.43300e+03 3.32287e+00 3.10521e-02
1.43400e+03 3.32249e+00 3.08929e-02
1.43500e+03 3.32212e+00 3.07350e-02
1.43600e+03 3.32174e+00 3.05786e-02
1.43700e+03 3.32137e+00 3.04236e-02
1.43800e+03 3.32100e+00 3.02700e-02
1.43900e+03 3.32062e+00 3.01177e-02
1.44000e+03 3.32025e+00 2.99669e-02
1.44100e+03 3.31987e+00 2.98175e-02
1.44200e+03 3.31949e+00 2.96694e-02
1.44300e+03 3.31912e+00 2.95227e-02
1.44400e+03 3.31874e+00 2.93774e-02
1.44500e+03 3.31837e+00 2.92335e-02
1.44600e+03 3.31799e+00 2.90909e-02
1.44700e+03 3.31762e+00 2.89496e-02
1.44800e+03 3.31724e+00 2.88098e-02
1.44900e+03 3.31686e+00 2.86713e-02
1.45000e+03 3.31649e+00 2.85341e-02
1.45100e+03 3.31611e+00 2.83983e-02
1.45200e+03 3.31573e+00 2.82638e-02
1.45300e+03 3.31535e+00 2.81306e-02
1.45400e+03 3.31497e+00 2.79987e-02
1.45500e+03 3.31460e+00 2.78682e-02
1.45600e+03 3.31422e+00 2.77390e-02
1.45700e+03 3.31384e+00 2.76111e-02
1.45800e+03 3.31346e+00 2.74845e-02
1.45900e+03 3.31308e+00 2.73591e-02
1.46000e+03 3.31270e+00 2.72351e-02
1.46100e+03 3.31232e+00 2.71124e-02
1.46200e+03 3.31194e+00 2.69909e-02
1.46300e+03 3.31156e+00 2.68707e-02
1.46400e+03 3.31118e+00 2.67518e-02
1.46500e+03 3.31080e+00 2.66341e-02
1.46600e+03 3.31042e+00 2.65176e-02
1.46700e+03 3.31003e+00 2.64024e-02
1.46800e+03 3.30965e+00 2.62885e-02
1.46900e+03 3.30927e+00 2.61757e-02
1.47000e+03 3.30889e+00 2.60642e-02
1.47100e+03 3.30850e+00 2.59539e-02
1.47200e+03 3.30812e+00 2.58448e-02
1.47300e+03 3.30773e+00 2.57369e-02
1.47400e+03 3.30735e+00 2.56302e-02
1.47500e+03 3.30696e+00 2.55247e-02
1.47600e+03 3.30658e+00 2.54203e-02
1.47700e+03 3.30619e+00 2.53171e-02
1.47800e+03 3.30581e+00 2.52151e-02
1.47900e+03 3.30542e+00 2.51142e-02
1.48000e+03 3.30503e+00 2.50144e-02
1.48100e+03 3.30465e+00 2.49158e-02
1.48200e+03 3.30426e+00 2.48183e-02
1.48300e+03 3.30387e+00 2.47219e-02
1.48400e+03 3.30348e+00 2.46266e-02
1.48500e+03 3.30309e+00 2.45324e-02
1.48600e+03 3.30270e+00 2.44392e-02
1.48700e+03 3.30231e+00 2.43472e-02
1.48800e+03 3.30192e+00 2.42562e-02
1.48900e+03 3.30153e+00 2.41662e-02
1.49000e+03 3.30114e+00 2.40773e-02
1.49100e+03 3.30074e+00 2.39894e-02
1.49200e+03 3.30035e+00 2.39026e-02
1.49300e+03 3.29996e+00 2.38167e-02
1.49400e+03 3.29956e+00 2.37318e-02
1.49500e+03 3.29917e+00 2.36479e-02
1.49600e+03 3.29877e+00 2.35650e-02
1.49700e+03 3.29838e+00 2.34831e-02
1.49800e+03 3.29798e+00 2.34021e-02
1.49900e+03 3.29758e+00 2.33220e-02
1.50000e+03 3.29719e+00 2.32428e-02
1.50100e+03 3.29679e+00 2.31646e-02
1.50200e+03 3.29639e+00 2.30872e-02
1.50300e+03 3.29599e+00 2.30108e-02
1.50400e+03 3.29559e+00 2.29352e-02
1.50500e+03 3.29519e+00 2.28604e-02
1.50600e+03 3.29479e+00 2.27865e-02
1.50700e+03 3.29439e+00 2.27134e-02
1.50800e+03 3.29399e+00 2.26412e-02
1.50900e+03 3.29358e+00 2.25697e-02
1.51000e+03 3.29318e+00 2.24990e-02
1.51100e+03 3.29277e+00 2.24291e-02
1.51200e+03 3.29237e+00 2.23599e-02
1.51300e+03 3.29196e+00 2.22915e-02
1.51400e+03 3.29156e+00 2.22238e-02
1.51500e+03 3.29115e+00 2.21568e-02
1.51600e+03 3.29074e+00 2.20905e-02
1.51700e+03 3.29034e+00 2.20249e-02
1.51800e+03 3.28993e+00 2.19599e-02
1.51900e+03 3.28952e+00 2.18956e-02
1.52000e+03 3.28911e+00 2.18319e-02
1.52100e+03 3.28870e+00 2.17688e-02
1.52200e+03 3.28828e+00 2.17062e-02
1.52300e+03 3.28787e+00 2.16443e-02
1.52400e+03 3.28746e+00 2.15829e-02
1.52500e+03 3.28705e+00 2.15220e-02
1.52600e+03 3.28663e+00 2.14616e-02
1.52700e+03 3.28622e+00 2.14018e-02
1.52800e+03 3.28580e+00 2.13424e-02
1.52900e+03 3.28538e+00 2.12834e-02
1.53000e+03 3.28497e+00 2.12249e-02
1.53100e+03 3.28455e+00 2.11669e-02
1.53200e+03 3.28413e+00 2.11092e-02
1.53300e+03 3.28371e+00 2.10518e-02
1.53400e+03 3.28329e+00 2.09949e-02
1.53500e+03 3.28287e+00 2.09382e-02
1.53600e+03 3.28244e+00 2.08819e-02
1.53700e+03 3.28202e+00 2.08258e-02
1.53800e+03 3.28160e+00 2.07701e-02
1.53900e+03 3.28117e+00 2.07145e-02
1.54000e+03 3.28075e+00 2.06592e-02
1.54100e+03 3.28032e+00 2.06041e-02
1.54200e+03 3.27989e+00 2.05491e-02
1.54300e+03 3.27947e+00 2.04943e-02
1.54400e+03 3.27904e+00 2.04396e-02
1.54500e+03 3.27861e+00 2.03850e-02
1.54600e+03 3.27818e+00 2.03305e-02
1.54700e+03 3.27775e+00 2.02760e-02
1.54800e+03 3.27731e+00 2.02215e-02
1.54900e+03 3.27688e+00 2.01671e-02
1.55000e+03 3.27645e+00 2.01126e-02
1.55100e+03 3.27601e+00 2.00580e-02
1.55200e+03 3.27558e+00 2.00034e-02
1.55300e+03 3.27514e+00 1.99486e-02
1.55400e+03 3.27470e+00 1.98937e-02
1.55500e+03 3.27426e+00 1.98387e-02
1.55600e+03 3.27382e+00 1.97834e-02
1.55700e+03 3.27338e+00 1.97279e-02
1.55800e+03 3.27294e+00 1.96722e-02
1.55900e+03 3.27250e+00 1.96162e-02
1.56000e+03 3.27206e+00 1.95598e-02
1.56100e+03 3.27161e+00 1.95031e-02
1.56200e+03 3.27117e+00 1.94460e-02
1.56300e+03 3.27072e+00 1.93886e-02
1.56400e+03 3.27028e+00 1.93306e-02
1.56500e+03 3.26983e+00 1.92722e-02
1.56600e+03 3.26938e+00 1.92133e-02
1.56700e+03 3.26893e+00 1.91539e-02
1.56800e+03 3.26848e+00 1.90939e-02
1.56900e+03 3.26803e+00 1.90333e-02
1.57000e+03 3.26758e+00 1.89720e-02
1.57100e+03 3.26713e+00 1.89101e-02
1.57200e+03 3.26667e+00 1.88474e-02
1.57300e+03 3.26622e+00 1.87840e-02
1.57400e+03 3.26576e+00 1.87198e-02
1.57500e+03 3.26530e+00 1.86548e-02
1.57600e+03 3.26484e+00 1.85890e-02
1.57700e+03 3.26439e+00 1.85223e-02
1.57800e+03 3.26393e+00 1.84546e-02
1.57900e+03 3.26346e+00 1.83859e-02
1.58000e+03 3.26300e+00 1.83163e-02
1.58100e+03 3.26254e+00 1.82456e-02
1.58200e+03 3.26207e+00 1.81738e-02
1.58300e+03 3.26161e+00 1.81009e-02
1.58400e+03 3.26114e+00 1.80268e-02
1.58500e+03 3.26068e+00 1.79516e-02
1.58600e+03 3.26021e+00 1.78750e-02
1.58700e+03 3.25974e+00 1.77972e-02
1.58800e+03 3.25927e+00 1.77180e-02
1.58900e+03 3.25880e+00 1.76375e-02
1.59000e+03 3.25832e+00 1.75555e-02
1.59100e+03 3.25785e+00 1.74721e-02
1.59200e+03 3.25738e+00 1.73872e-02
1.59300e+03 3.25690e+00 1.73007e-02
1.59400e+03 3.25642e+00 1.72126e-02
1.59500e+03 3.25595e+00 1.71229e-02
1.59600e+03 3.25547e+00 1.70314e-02
1.59700e+03 3.25499e+00 1.69383e-02
1.59800e+03 3.25451e+00 1.68433e-02
1.59900e+03 3.25402e+00 1.67465e-02
1.60000e+03 3.25354e+00 1.66478e-02
