4.00000e+02 2.81623e+00 2.61710e+00
4.01000e+02 2.82408e+00 2.62203e+00
4.02000e+02 2.83194e+00 2.62688e+00
4.03000e+02 2.83982e+00 2.63165e+00
4.04000e+02 2.84771e+00 2.63635e+00
4.05000e+02 2.85562e+00 2.64098e+00
4.06000e+02 2.86354e+00 2.64553e+00
4.07000e+02 2.87147e+00 2.65001e+00
4.08000e+02 2.87942e+00 2.65441e+00
4.09000e+02 2.88738e+00 2.65874e+00
4.10000e+02 2.89536e+00 2.66300e+00
4.11000e+02 2.90335e+00 2.66718e+00
4.12000e+02 2.91135e+00 2.67130e+00
4.13000e+02 2.91936e+00 2.67534e+00
4.14000e+02 2.92739e+00 2.67931e+00
4.15000e+02 2.93543e+00 2.68320e+00
4.16000e+02 2.94348e+00 2.68703e+00
4.17000e+02 2.95154e+00 2.69079e+00
4.18000e+02 2.95962e+00 2.69447e+00
4.19000e+02 2.96770e+00 2.69809e+00
4.20000e+02 2.97580e+00 2.70164e+00
4.21000e+02 2.98391e+00 2.70512e+00
4.22000e+02 2.99202e+00 2.70853e+00
4.23000e+02 3.00015e+00 2.71187e+00
4.24000e+02 3.00829e+00 2.71515e+00
4.25000e+02 3.01644e+00 2.71835e+00
4.26000e+02 3.02460e+00 2.72149e+00
4.27000e+02 3.03277e+00 2.72456e+00
4.28000e+02 3.04094e+00 2.72757e+00
4.29000e+02 3.04913e+00 2.73051e+00
4.30000e+02 3.05732e+00 2.73339e+00
4.31000e+02 3.06553e+00 2.73620e+00
4.32000e+02 3.07374e+00 2.73894e+00
4.33000e+02 3.08195e+00 2.74162e+00
4.34000e+02 3.09018e+00 2.74423e+00
4.35000e+02 3.09842e+00 2.74679e+00
4.36000e+02 3.10666e+00 2.74927e+00
4.37000e+02 3.11490e+00 2.75170e+00
4.38000e+02 3.12316e+00 2.75406e+00
4.39000e+02 3.13142e+00 2.75636e+00
4.40000e+02 3.13969e+00 2.75860e+00
4.41000e+02 3.14796e+00 2.76077e+00
4.42000e+02 3.15624e+00 2.76289e+00
4.43000e+02 3.16452e+00 2.76494e+00
4.44000e+02 3.17281e+00 2.76693e+00
4.45000e+02 3.18110e+00 2.76886e+00
4.46000e+02 3.18940e+00 2.77073e+00
4.47000e+02 3.19770e+00 2.77255e+00
4.48000e+02 3.20600e+00 2.77430e+00
4.49000e+02 3.21431e+00 2.77599e+00
4.50000e+02 3.22262e+00 2.77763e+00
4.51000e+02 3.23094e+00 2.77920e+00
4.52000e+02 3.23925e+00 2.78072e+00
4.53000e+02 3.24757e+00 2.78218e+00
4.54000e+02 3.25590e+00 2.78359e+00
4.55000e+02 3.26422e+00 2.78494e+00
4.56000e+02 3.27255e+00 2.78623e+00
4.57000e+02 3.28087e+00 2.78746e+00
4.58000e+02 3.28920e+00 2.78864e+00
4.59000e+02 3.29753e+00 2.78976e+00
4.60000e+02 3.30585e+00 2.79083e+00
4.61000e+02 3.31418e+00 2.79184e+00
4.62000e+02 3.32251e+00 2.79280e+00
4.63000e+02 3.33084e+00 2.79371e+00
4.64000e+02 3.33917e+00 2.79456e+00
4.65000e+02 3.34749e+00 2.79535e+00
4.66000e+02 3.35582e+00 2.79610e+00
4.67000e+02 3.36414e+00 2.79679e+00
4.68000e+02 3.37246e+00 2.79743e+00
4.69000e+02 3.38078e+00 2.79801e+00
4.70000e+02 3.38909e+00 2.79855e+00
4.71000e+02 3.39740e+00 2.79903e+00
4.72000e+02 3.40571e+00 2.79947e+00
4.73000e+02 3.41402e+00 2.79985e+00
4.74000e+02 3.42232e+00 2.80018e+00
4.75000e+02 3.43062e+00 2.80046e+00
4.76000e+02 3.43891e+00 2.80069e+00
4.77000e+02 3.44720e+00 2.80087e+00
4.78000e+02 3.45549e+00 2.80100e+00
4.79000e+02 3.46377e+00 2.80109e+00
4.80000e+02 3.47204e+00 2.80112e+00
4.81000e+02 3.48031e+00 2.80111e+00
4.82000e+02 3.48857e+00 2.80105e+00
4.83000e+02 3.49682e+00 2.80094e+00
4.84000e+02 3.50507e+00 2.80079e+00
4.85000e+02 3.51331e+00 2.80059e+00
4.86000e+02 3.52155e+00 2.80034e+00
4.87000e+02 3.52977e+00 2.80004e+00
4.88000e+02 3.53799e+00 2.79970e+00
4.89000e+02 3.54620e+00 2.79932e+00
4.90000e+02 3.55440e+00 2.79889e+00
4.91000e+02 3.56260e+00 2.79841e+00
4.92000e+02 3.57078e+00 2.79789e+00
4.93000e+02 3.57896e+00 2.79733e+00
4.94000e+02 3.58712e+00 2.79672e+00
4.95000e+02 3.59528e+00 2.79607e+00
4.96000e+02 3.60342e+00 2.79537e+00
4.97000e+02 3.61156e+00 2.79463e+00
4.98000e+02 3.61968e+00 2.79385e+00
4.99000e+02 3.62780e+00 2.79303e+00
5.00000e+02 3.63590e+00 2.79216e+00
5.01000e+02 3.64399e+00 2.79126e+00
5.02000e+02 3.65207e+00 2.79031e+00
5.03000e+02 3.66014e+00 2.78932e+00
5.04000e+02 3.66819e+00 2.78829e+00
5.05000e+02 3.67624e+00 2.78722e+00
5.06000e+02 3.68427e+00 2.78611e+00
5.07000e+02 3.69228e+00 2.78496e+00
5.08000e+02 3.70029e+00 2.78376e+00
5.09000e+02 3.70828e+00 2.78254e+00
5.10000e+02 3.71626e+00 2.78127e+00
5.11000e+02 3.72422e+00 2.77996e+00
5.12000e+02 3.73217e+00 2.77861e+00
5.13000e+02 3.74010e+00 2.77723e+00
5.14000e+02 3.74802e+00 2.77581e+00
5.15000e+02 3.75592e+00 2.77435e+00
5.16000e+02 3.76381e+00 2.77285e+00
5.17000e+02 3.77168e+00 2.77132e+00
5.18000e+02 3.77954e+00 2.76975e+00
5.19000e+02 3.78738e+00 2.76815e+00
5.20000e+02 3.79521e+00 2.76651e+00
5.21000e+02 3.80302e+00 2.76483e+00
5.22000e+02 3.81081e+00 2.76312e+00
5.23000e+02 3.81859e+00 2.76137e+00
5.24000e+02 3.82635e+00 2.75959e+00
5.25000e+02 3.83409e+00 2.75777e+00
5.26000e+02 3.84181e+00 2.75592e+00
5.27000e+02 3.84952e+00 2.75403e+00
5.28000e+02 3.85721e+00 2.75212e+00
5.29000e+02 3.86488e+00 2.75016e+00
5.30000e+02 3.87253e+00 2.74818e+00
5.31000e+02 3.88016e+00 2.74616e+00
5.32000e+02 3.88778e+00 2.74411e+00
5.33000e+02 3.89537e+00 2.74203e+00
5.34000e+02 3.90295e+00 2.73991e+00
5.35000e+02 3.91051e+00 2.73777e+00
5.36000e+02 3.91805e+00 2.73559e+00
5.37000e+02 3.92556e+00 2.73338e+00
5.38000e+02 3.93306e+00 2.73114e+00
5.39000e+02 3.94054e+00 2.72887e+00
5.40000e+02 3.94800e+00 2.72657e+00
5.41000e+02 3.95544e+00 2.72424e+00
5.42000e+02 3.96286e+00 2.72188e+00
5.43000e+02 3.97026e+00 2.71949e+00
5.44000e+02 3.97763e+00 2.71708e+00
5.45000e+02 3.98499e+00 2.71463e+00
5.46000e+02 3.99232e+00 2.71215e+00
5.47000e+02 3.99964e+00 2.70965e+00
5.48000e+02 4.00693e+00 2.70711e+00
5.49000e+02 4.01420e+00 2.70455e+00
5.50000e+02 4.02145e+00 2.70197e+00
5.51000e+02 4.02867e+00 2.69935e+00
5.52000e+02 4.03588e+00 2.69671e+00
5.53000e+02 4.04306e+00 2.69404e+00
5.54000e+02 4.05022e+00 2.69134e+00
5.55000e+02 4.05736e+00 2.68862e+00
5.56000e+02 4.06448e+00 2.68587e+00
5.57000e+02 4.07157e+00 2.68310e+00
5.58000e+02 4.07864e+00 2.68030e+00
5.59000e+02 4.08569e+00 2.67747e+00
5.60000e+02 4.09271e+00 2.67462e+00
5.61000e+02 4.09972e+00 2.67175e+00
5.62000e+02 4.10670e+00 2.66885e+00
5.63000e+02 4.11365e+00 2.66593e+00
5.64000e+02 4.12058e+00 2.66298e+00
5.65000e+02 4.12749e+00 2.66001e+00
5.66000e+02 4.13438e+00 2.65701e+00
5.67000e+02 4.14124e+00 2.65400e+00
5.68000e+02 4.14808e+00 2.65095e+00
5.69000e+02 4.15489e+00 2.64789e+00
5.70000e+02 4.16168e+00 2.64480e+00
5.71000e+02 4.16845e+00 2.64170e+00
5.72000e+02 4.17519e+00 2.63856e+00
5.73000e+02 4.18191e+00 2.63541e+00
5.74000e+02 4.18861e+00 2.63224e+00
5.75000e+02 4.19528e+00 2.62904e+00
5.76000e+02 4.20192e+00 2.62582e+00
5.77000e+02 4.20854e+00 2.62259e+00
5.78000e+02 4.21514e+00 2.61933e+00
5.79000e+02 4.22171e+00 2.61605e+00
5.80000e+02 4.22826e+00 2.61275e+00
5.81000e+02 4.23479e+00 2.60943e+00
5.82000e+02 4.24129e+00 2.60609e+00
5.83000e+02 4.24776e+00 2.60273e+00
5.84000e+02 4.25421e+00 2.59936e+00
5.85000e+02 4.26064e+00 2.59596e+00
5.86000e+02 4.26704e+00 2.59254e+00
5.87000e+02 4.27341e+00 2.58911e+00
5.88000e+02 4.27976e+00 2.58566e+00
5.89000e+02 4.28609e+00 2.58219e+00
5.90000e+02 4.29239e+00 2.57870e+00
5.91000e+02 4.29867e+00 2.57519e+00
5.92000e+02 4.30492e+00 2.57167e+00
5.93000e+02 4.31115e+00 2.56813e+00
5.94000e+02 4.31735e+00 2.56457e+00
5.95000e+02 4.32353e+00 2.56099e+00
5.96000e+02 4.32968e+00 2.55740e+00
5.97000e+02 4.33581e+00 2.55379e+00
5.98000e+02 4.34191e+00 2.55017e+00
5.99000e+02 4.34799e+00 2.54653e+00
6.00000e+02 4.35404e+00 2.54287e+00
6.01000e+02 4.36007e+00 2.53920e+00
6.02000e+02 4.36608e+00 2.53551e+00
6.03000e+02 4.37205e+00 2.53181e+00
6.04000e+02 4.37801e+00 2.52809e+00
6.05000e+02 4.38394e+00 2.52436e+00
6.06000e+02 4.38984e+00 2.52061e+00
6.07000e+02 4.39572e+00 2.51685e+00
6.08000e+02 4.40157e+00 2.51307e+00
6.09000e+02 4.40740e+00 2.50928e+00
6.10000e+02 4.41321e+00 2.50548e+00
6.11000e+02 4.41899e+00 2.50166e+00
6.12000e+02 4.42474e+00 2.49783e+00
6.13000e+02 4.43047e+00 2.49398e+00
6.14000e+02 4.43618e+00 2.49013e+00
6.15000e+02 4.44186e+00 2.48626e+00
6.16000e+02 4.44752e+00 2.48237e+00
6.17000e+02 4.45315e+00 2.47848e+00
6.18000e+02 4.45876e+00 2.47457e+00
6.19000e+02 4.46434e+00 2.47065e+00
6.20000e+02 4.46990e+00 2.46672e+00
6.21000e+02 4.47543e+00 2.46278e+00
6.22000e+02 4.48094e+00 2.45882e+00
6.23000e+02 4.48643e+00 2.45486e+00
6.24000e+02 4.49189e+00 2.45088e+00
6.25000e+02 4.49733e+00 2.44689e+00
6.26000e+02 4.50274e+00 2.44289e+00
6.27000e+02 4.50813e+00 2.43888e+00
6.28000e+02 4.51350e+00 2.43486e+00
6.29000e+02 4.51884e+00 2.43083e+00
6.30000e+02 4.52415e+00 2.42679e+00
6.31000e+02 4.52945e+00 2.42274e+00
6.32000e+02 4.53472e+00 2.41868e+00
6.33000e+02 4.53996e+00 2.41461e+00
6.34000e+02 4.54518e+00 2.41053e+00
6.35000e+02 4.55038e+00 2.40644e+00
6.36000e+02 4.55555e+00 2.40234e+00
6.37000e+02 4.56070e+00 2.39823e+00
6.38000e+02 4.56583e+00 2.39412e+00
6.39000e+02 4.57094e+00 2.38999e+00
6.40000e+02 4.57602e+00 2.38586e+00
6.41000e+02 4.58107e+00 2.38172e+00
6.42000e+02 4.58611e+00 2.37757e+00
6.43000e+02 4.59112e+00 2.37341e+00
6.44000e+02 4.59610e+00 2.36925e+00
6.45000e+02 4.60107e+00 2.36507e+00
6.46000e+02 4.60601e+00 2.36089e+00
6.47000e+02 4.61093e+00 2.35671e+00
6.48000e+02 4.61582e+00 2.35251e+00
6.49000e+02 4.62070e+00 2.34831e+00
6.50000e+02 4.62555e+00 2.34410e+00
6.51000e+02 4.63037e+00 2.33989e+00
6.52000e+02 4.63518e+00 2.33566e+00
6.53000e+02 4.63996e+00 2.33144e+00
6.54000e+02 4.64472e+00 2.32720e+00
6.55000e+02 4.64946e+00 2.32296e+00
6.56000e+02 4.65417e+00 2.31871e+00
6.57000e+02 4.65886e+00 2.31446e+00
6.58000e+02 4.66353e+00 2.31020e+00
6.59000e+02 4.66818e+00 2.30594e+00
6.60000e+02 4.67281e+00 2.30167e+00
6.61000e+02 4.67741e+00 2.29740e+00
6.62000e+02 4.68200e+00 2.29312e+00
6.63000e+02 4.68656e+00 2.28883e+00
6.64000e+02 4.69109e+00 2.28454e+00
6.65000e+02 4.69561e+00 2.28025e+00
6.66000e+02 4.70011e+00 2.27595e+00
6.67000e+02 4.70458e+00 2.27165e+00
6.68000e+02 4.70903e+00 2.26734e+00
6.69000e+02 4.71346e+00 2.26303e+00
6.70000e+02 4.71787e+00 2.25872e+00
6.71000e+02 4.72226e+00 2.25440e+00
6.72000e+02 4.72663e+00 2.25007e+00
6.73000e+02 4.73097e+00 2.24575e+00
6.74000e+02 4.73530e+00 2.24142e+00
6.75000e+02 4.73960e+00 2.23708e+00
6.76000e+02 4.74389e+00 2.23275e+00
6.77000e+02 4.74815e+00 2.22841e+00
6.78000e+02 4.75239e+00 2.22406e+00
6.79000e+02 4.75661e+00 2.21972e+00
6.80000e+02 4.76081e+00 2.21537e+00
6.81000e+02 4.76499e+00 2.21102e+00
6.82000e+02 4.76915e+00 2.20667e+00
6.83000e+02 4.77329e+00 2.20231e+00
6.84000e+02 4.77740e+00 2.19795e+00
6.85000e+02 4.78150e+00 2.19359e+00
6.86000e+02 4.78558e+00 2.18923e+00
6.87000e+02 4.78964e+00 2.18487e+00
6.88000e+02 4.79367e+00 2.18050e+00
6.89000e+02 4.79769e+00 2.17613e+00
6.90000e+02 4.80169e+00 2.17176e+00
6.91000e+02 4.80566e+00 2.16739e+00
6.92000e+02 4.80962e+00 2.16302e+00
6.93000e+02 4.81356e+00 2.15865e+00
6.94000e+02 4.81747e+00 2.15427e+00
6.95000e+02 4.82137e+00 2.14990e+00
6.96000e+02 4.82525e+00 2.14552e+00
6.97000e+02 4.82911e+00 2.14114e+00
6.98000e+02 4.83295e+00 2.13676e+00
6.99000e+02 4.83677e+00 2.13239e+00
7.00000e+02 4.84057e+00 2.12801e+00
7.01000e+02 4.84435e+00 2.12363e+00
7.02000e+02 4.84811e+00 2.11925e+00
7.03000e+02 4.85185e+00 2.11487e+00
7.04000e+02 4.85558e+00 2.11049e+00
7.05000e+02 4.85928e+00 2.10611e+00
7.06000e+02 4.86297e+00 2.10173e+00
7.07000e+02 4.86663e+00 2.09735e+00
7.08000e+02 4.87028e+00 2.09297e+00
7.09000e+02 4.87391e+00 2.08859e+00
7.10000e+02 4.87752e+00 2.08421e+00
7.11000e+02 4.88111e+00 2.07983e+00
7.12000e+02 4.88468e+00 2.07546e+00
7.13000e+02 4.88823e+00 2.07108e+00
7.14000e+02 4.89177e+00 2.06671e+00
7.15000e+02 4.89529e+00 2.06233e+00
7.16000e+02 4.89878e+00 2.05796e+00
7.17000e+02 4.90226e+00 2.05359e+00
7.18000e+02 4.90572e+00 2.04921e+00
7.19000e+02 4.90917e+00 2.04484e+00
7.20000e+02 4.91259e+00 2.04048e+00
7.21000e+02 4.91600e+00 2.03611e+00
7.22000e+02 4.91939e+00 2.03174e+00
7.23000e+02 4.92276e+00 2.02738e+00
7.24000e+02 4.92611e+00 2.02302e+00
7.25000e+02 4.92944e+00 2.01866e+00
7.26000e+02 4.93276e+00 2.01430e+00
7.27000e+02 4.93605e+00 2.00995e+00
7.28000e+02 4.93933e+00 2.00559e+00
7.29000e+02 4.94260e+00 2.00124e+00
7.30000e+02 4.94584e+00 1.99689e+00
7.31000e+02 4.94907e+00 1.99254e+00
7.32000e+02 4.95228e+00 1.98820e+00
7.33000e+02 4.95547e+00 1.98386e+00
7.34000e+02 4.95864e+00 1.97952e+00
7.35000e+02 4.96180e+00 1.97518e+00
7.36000e+02 4.96493e+00 1.97085e+00
7.37000e+02 4.96805e+00 1.96651e+00
7.38000e+02 4.97116e+00 1.96218e+00
7.39000e+02 4.97424e+00 1.95786e+00
7.40000e+02 4.97731e+00 1.95354e+00
7.41000e+02 4.98036e+00 1.94922e+00
7.42000e+02 4.98340e+00 1.94490e+00
7.43000e+02 4.98641e+00 1.94059e+00
7.44000e+02 4.98941e+00 1.93628e+00
7.45000e+02 4.99239e+00 1.93197e+00
7.46000e+02 4.99536e+00 1.92767e+00
7.47000e+02 4.99831e+00 1.92337e+00
7.48000e+02 5.00124e+00 1.91907e+00
7.49000e+02 5.00415e+00 1.91478e+00
7.50000e+02 5.00705e+00 1.91049e+00
7.51000e+02 5.00993e+00 1.90620e+00
7.52000e+02 5.01279e+00 1.90192e+00
7.53000e+02 5.01564e+00 1.89764e+00
7.54000e+02 5.01847e+00 1.89337e+00
7.55000e+02 5.02128e+00 1.88910e+00
7.56000e+02 5.02408e+00 1.88483e+00
7.57000e+02 5.02685e+00 1.88057e+00
7.58000e+02 5.02962e+00 1.87631e+00
7.59000e+02 5.03236e+00 1.87206e+00
7.60000e+02 5.03509e+00 1.86781e+00
7.61000e+02 5.03780e+00 1.86357e+00
7.62000e+02 5.04050e+00 1.85933e+00
7.63000e+02 5.04318e+00 1.85509e+00
7.64000e+02 5.04584e+00 1.85086e+00
7.65000e+02 5.04849e+00 1.84663e+00
7.66000e+02 5.05112e+00 1.84241e+00
7.67000e+02 5.05374e+00 1.83819e+00
7.68000e+02 5.05633e+00 1.83398e+00
7.69000e+02 5.05891e+00 1.82977e+00
7.70000e+02 5.06148e+00 1.82557e+00
7.71000e+02 5.06403e+00 1.82137e+00
7.72000e+02 5.06656e+00 1.81717e+00
7.73000e+02 5.06908e+00 1.81298e+00
7.74000e+02 5.07158e+00 1.80880e+00
7.75000e+02 5.07407e+00 1.80462e+00
7.76000e+02 5.07653e+00 1.80045e+00
7.77000e+02 5.07899e+00 1.79628e+00
7.78000e+02 5.08142e+00 1.79212e+00
7.79000e+02 5.08385e+00 1.78796e+00
7.80000e+02 5.08625e+00 1.78381e+00
7.81000e+02 5.08864e+00 1.77966e+00
7.82000e+02 5.09101e+00 1.77552e+00
7.83000e+02 5.09337e+00 1.77138e+00
7.84000e+02 5.09571e+00 1.76725e+00
7.85000e+02 5.09804e+00 1.76312e+00
7.86000e+02 5.10035e+00 1.75900e+00
7.87000e+02 5.10265e+00 1.75489e+00
7.88000e+02 5.10493e+00 1.75078e+00
7.89000e+02 5.10719e+00 1.74668e+00
7.90000e+02 5.10944e+00 1.74258e+00
7.91000e+02 5.11167e+00 1.73849e+00
7.92000e+02 5.11389e+00 1.73440e+00
7.93000e+02 5.11610e+00 1.73032e+00
7.94000e+02 5.11828e+00 1.72625e+00
7.95000e+02 5.12046e+00 1.72218e+00
7.96000e+02 5.12261e+00 1.71812e+00
7.97000e+02 5.12475e+00 1.71406e+00
7.98000e+02 5.12688e+00 1.71001e+00
7.99000e+02 5.12899e+00 1.70596e+00
8.00000e+02 5.13109e+00 1.70193e+00
8.01000e+02 5.13317e+00 1.69789e+00
8.02000e+02 5.13524e+00 1.69387e+00
8.03000e+02 5.13729e+00 1.68985e+00
8.04000e+02 5.13933e+00 1.68583e+00
8.05000e+02 5.14135e+00 1.68183e+00
8.06000e+02 5.14336e+00 1.67782e+00
8.07000e+02 5.14535e+00 1.67383e+00
8.08000e+02 5.14733e+00 1.66984e+00
8.09000e+02 5.14929e+00 1.66586e+00
8.10000e+02 5.15124e+00 1.66188e+00
8.11000e+02 5.15317e+00 1.65791e+00
8.12000e+02 5.15509e+00 1.65395e+00
8.13000e+02 5.15700e+00 1.64999e+00
8.14000e+02 5.15889e+00 1.64604e+00
8.15000e+02 5.16076e+00 1.64210e+00
8.16000e+02 5.16263e+00 1.63816e+00
8.17000e+02 5.16447e+00 1.63423e+00
8.18000e+02 5.16631e+00 1.63031e+00
8.19000e+02 5.16813e+00 1.62639e+00
8.20000e+02 5.16993e+00 1.62248e+00
8.21000e+02 5.17172e+00 1.61857e+00
8.22000e+02 5.17350e+00 1.61468e+00
8.23000e+02 5.17526e+00 1.61079e+00
8.24000e+02 5.17701e+00 1.60690e+00
8.25000e+02 5.17874e+00 1.60303e+00
8.26000e+02 5.18047e+00 1.59916e+00
8.27000e+02 5.18217e+00 1.59529e+00
8.28000e+02 5.18387e+00 1.59143e+00
8.29000e+02 5.18555e+00 1.58758e+00
8.30000e+02 5.18721e+00 1.58374e+00
8.31000e+02 5.18886e+00 1.57991e+00
8.32000e+02 5.19050e+00 1.57608e+00
8.33000e+02 5.19213e+00 1.57225e+00
8.34000e+02 5.19374e+00 1.56844e+00
8.35000e+02 5.19534e+00 1.56463e+00
8.36000e+02 5.19692e+00 1.56083e+00
8.37000e+02 5.19849e+00 1.55703e+00
8.38000e+02 5.20005e+00 1.55325e+00
8.39000e+02 5.20160e+00 1.54947e+00
8.40000e+02 5.20313e+00 1.54569e+00
8.41000e+02 5.20465e+00 1.54193e+00
8.42000e+02 5.20616e+00 1.53817e+00
8.43000e+02 5.20765e+00 1.53442e+00
8.44000e+02 5.20913e+00 1.53067e+00
8.45000e+02 5.21060e+00 1.52693e+00
8.46000e+02 5.21205e+00 1.52320e+00
8.47000e+02 5.21349e+00 1.51948e+00
8.48000e+02 5.21492e+00 1.51576e+00
8.49000e+02 5.21634e+00 1.51205e+00
8.50000e+02 5.21774e+00 1.50835e+00
8.51000e+02 5.21913e+00 1.50466e+00
8.52000e+02 5.22051e+00 1.50097e+00
8.53000e+02 5.22187e+00 1.49729e+00
8.54000e+02 5.22323e+00 1.49361e+00
8.55000e+02 5.22457e+00 1.48995e+00
8.56000e+02 5.22590e+00 1.48629e+00
8.57000e+02 5.22722e+00 1.48264e+00
8.58000e+02 5.22852e+00 1.47900e+00
8.59000e+02 5.22981e+00 1.47536e+00
8.60000e+02 5.23109e+00 1.47173e+00
8.61000e+02 5.23236e+00 1.46811e+00
8.62000e+02 5.23362e+00 1.46449e+00
8.63000e+02 5.23486e+00 1.46088e+00
8.64000e+02 5.23610e+00 1.45728e+00
8.65000e+02 5.23732e+00 1.45369e+00
8.66000e+02 5.23853e+00 1.45011e+00
8.67000e+02 5.23972e+00 1.44653e+00
8.68000e+02 5.24091e+00 1.44296e+00
8.69000e+02 5.24208e+00 1.43939e+00
8.70000e+02 5.24325e+00 1.43584e+00
8.71000e+02 5.24440e+00 1.43229e+00
8.72000e+02 5.24554e+00 1.42875e+00
8.73000e+02 5.24667e+00 1.42522e+00
8.74000e+02 5.24779e+00 1.42169e+00
8.75000e+02 5.24889e+00 1.41817e+00
8.76000e+02 5.24999e+00 1.41466e+00
8.77000e+02 5.25107e+00 1.41115e+00
8.78000e+02 5.25215e+00 1.40766e+00
8.79000e+02 5.25321e+00 1.40417e+00
8.80000e+02 5.25426e+00 1.40069e+00
8.81000e+02 5.25530e+00 1.39721e+00
8.82000e+02 5.25633e+00 1.39375e+00
8.83000e+02 5.25735e+00 1.39029e+00
8.84000e+02 5.25836e+00 1.38684e+00
8.85000e+02 5.25936e+00 1.38339e+00
8.86000e+02 5.26035e+00 1.37995e+00
8.87000e+02 5.26133e+00 1.37652e+00
8.88000e+02 5.26229e+00 1.37310e+00
8.89000e+02 5.26325e+00 1.36969e+00
8.90000e+02 5.26420e+00 1.36628e+00
8.91000e+02 5.26513e+00 1.36288e+00
8.92000e+02 5.26606e+00 1.35949e+00
8.93000e+02 5.26698e+00 1.35610e+00
8.94000e+02 5.26788e+00 1.35273e+00
8.95000e+02 5.26878e+00 1.34936e+00
8.96000e+02 5.26967e+00 1.34600e+00
8.97000e+02 5.27054e+00 1.34264e+00
8.98000e+02 5.27141e+00 1.33929e+00
8.99000e+02 5.27227e+00 1.33595e+00
9.00000e+02 5.27311e+00 1.33262e+00
9.01000e+02 5.27395e+00 1.32930e+00
9.02000e+02 5.27478e+00 1.32598e+00
9.03000e+02 5.27560e+00 1.32267e+00
9.04000e+02 5.27641e+00 1.31937e+00
9.05000e+02 5.27721e+00 1.31607e+00
9.06000e+02 5.27800e+00 1.31279e+00
9.07000e+02 5.27878e+00 1.30951e+00
9.08000e+02 5.27955e+00 1.30623e+00
9.09000e+02 5.28031e+00 1.30297e+00
9.10000e+02 5.28107e+00 1.29971e+00
9.11000e+02 5.28181e+00 1.29646e+00
9.12000e+02 5.28255e+00 1.29322e+00
9.13000e+02 5.28328e+00 1.28998e+00
9.14000e+02 5.28400e+00 1.28676e+00
9.15000e+02 5.28470e+00 1.28354e+00
9.16000e+02 5.28541e+00 1.28032e+00
9.17000e+02 5.28610e+00 1.27712e+00
9.18000e+02 5.28678e+00 1.27392e+00
9.19000e+02 5.28746e+00 1.27073e+00
9.20000e+02 5.28812e+00 1.26755e+00
9.21000e+02 5.28878e+00 1.26437e+00
9.22000e+02 5.28943e+00 1.26120e+00
9.23000e+02 5.29007e+00 1.25804e+00
9.24000e+02 5.29071e+00 1.25489e+00
9.25000e+02 5.29133e+00 1.25174e+00
9.26000e+02 5.29195e+00 1.24861e+00
9.27000e+02 5.29256e+00 1.24547e+00
9.28000e+02 5.29316e+00 1.24235e+00
9.29000e+02 5.29375e+00 1.23923e+00
9.30000e+02 5.29434e+00 1.23613e+00
9.31000e+02 5.29491e+00 1.23302e+00
9.32000e+02 5.29548e+00 1.22993e+00
9.33000e+02 5.29605e+00 1.22684e+00
9.34000e+02 5.29660e+00 1.22376e+00
9.35000e+02 5.29715e+00 1.22069e+00
9.36000e+02 5.29768e+00 1.21763e+00
9.37000e+02 5.29822e+00 1.21457e+00
9.38000e+02 5.29874e+00 1.21152e+00
9.39000e+02 5.29926e+00 1.20848e+00
9.40000e+02 5.29976e+00 1.20544e+00
9.41000e+02 5.30027e+00 1.20241e+00
9.42000e+02 5.30076e+00 1.19939e+00
9.43000e+02 5.30125e+00 1.19638e+00
9.44000e+02 5.30173e+00 1.19337e+00
9.45000e+02 5.30220e+00 1.19038e+00
9.46000e+02 5.30267e+00 1.18738e+00
9.47000e+02 5.30312e+00 1.18440e+00
9.48000e+02 5.30358e+00 1.18142e+00
9.49000e+02 5.30402e+00 1.17845e+00
9.50000e+02 5.30446e+00 1.17549e+00
9.51000e+02 5.30489e+00 1.17254e+00
9.52000e+02 5.30531e+00 1.16959e+00
9.53000e+02 5.30573e+00 1.16665e+00
9.54000e+02 5.30614e+00 1.16371e+00
9.55000e+02 5.30655e+00 1.16079e+00
9.56000e+02 5.30694e+00 1.15787e+00
9.57000e+02 5.30734e+00 1.15496e+00
9.58000e+02 5.30772e+00 1.15205e+00
9.59000e+02 5.30810e+00 1.14916e+00
9.60000e+02 5.30847e+00 1.14627e+00
9.61000e+02 5.30884e+00 1.14338e+00
9.62000e+02 5.30920e+00 1.14051e+00
9.63000e+02 5.30955e+00 1.13764e+00
9.64000e+02 5.30990e+00 1.13478e+00
9.65000e+02 5.31024e+00 1.13192e+00
9.66000e+02 5.31057e+00 1.12907e+00
9.67000e+02 5.31090e+00 1.12623e+00
9.68000e+02 5.31122e+00 1.12340e+00
9.69000e+02 5.31154e+00 1.12057e+00
9.70000e+02 5.31185e+00 1.11776e+00
9.71000e+02 5.31215e+00 1.11494e+00
9.72000e+02 5.31245e+00 1.11214e+00
9.73000e+02 5.31274e+00 1.10934e+00
9.74000e+02 5.31303e+00 1.10655e+00
9.75000e+02 5.31331e+00 1.10377e+00
9.76000e+02 5.31359e+00 1.10099e+00
9.77000e+02 5.31386e+00 1.09822e+00
9.78000e+02 5.31412e+00 1.09546e+00
9.79000e+02 5.31438e+00 1.09270e+00
9.80000e+02 5.31464e+00 1.08995e+00
9.81000e+02 5.31488e+00 1.08721e+00
9.82000e+02 5.31513e+00 1.08448e+00
9.83000e+02 5.31536e+00 1.08175e+00
9.84000e+02 5.31560e+00 1.07903e+00
9.85000e+02 5.31582e+00 1.07631e+00
9.86000e+02 5.31604e+00 1.07361e+00
9.87000e+02 5.31626e+00 1.07090e+00
9.88000e+02 5.31647e+00 1.06821e+00
9.89000e+02 5.31668e+00 1.06552e+00
9.90000e+02 5.31688e+00 1.06285e+00
9.91000e+02 5.31707e+00 1.06017e+00
9.92000e+02 5.31726e+00 1.05751e+00
9.93000e+02 5.31745e+00 1.05485e+00
9.94000e+02 5.31763e+00 1.05219e+00
9.95000e+02 5.31780e+00 1.04955e+00
9.96000e+02 5.31797e+00 1.04691e+00
9.97000e+02 5.31814e+00 1.04428e+00
9.98000e+02 5.31830e+00 1.04165e+00
9.99000e+02 5.31845e+00 1.03903e+00
1.00000e+03 5.31860e+00 1.03642e+00
1.00100e+03 5.31875e+00 1.03382e+00
1.00200e+03 5.31889e+00 1.03122e+00
1.00300e+03 5.31903e+00 1.02863e+00
1.00400e+03 5.31916e+00 1.02604e+00
1.00500e+03 5.31929e+00 1.02347e+00
1.00600e+03 5.31941e+00 1.02089e+00
1.00700e+03 5.31953e+00 1.01833e+00
1.00800e+03 5.31964e+00 1.01577e+00
1.00900e+03 5.31975e+00 1.01322e+00
1.01000e+03 5.31985e+00 1.01067e+00
1.01100e+03 5.31995e+00 1.00814e+00
1.01200e+03 5.32005e+00 1.00560e+00
1.01300e+03 5.32014e+00 1.00308e+00
1.01400e+03 5.32023e+00 1.00056e+00
1.01500e+03 5.32031e+00 9.98048e-01
1.01600e+03 5.32039e+00 9.95543e-01
1.01700e+03 5.32046e+00 9.93044e-01
1.01800e+03 5.32053e+00 9.90551e-01
1.01900e+03 5.32059e+00 9.88065e-01
1.02000e+03 5.32065e+00 9.85586e-01
1.02100e+03 5.32071e+00 9.83113e-01
1.02200e+03 5.32076e+00 9.80647e-01
1.02300e+03 5.32081e+00 9.78187e-01
1.02400e+03 5.32086e+00 9.75733e-01
1.02500e+03 5.32090e+00 9.73286e-01
1.02600e+03 5.32093e+00 9.70845e-01
1.02700e+03 5.32097e+00 9.68411e-01
1.02800e+03 5.32099e+00 9.65983e-01
1.02900e+03 5.32102e+00 9.63562e-01
1.03000e+03 5.32104e+00 9.61146e-01
1.03100e+03 5.32105e+00 9.58738e-01
1.03200e+03 5.32107e+00 9.56335e-01
1.03300e+03 5.32107e+00 9.53939e-01
1.03400e+03 5.32108e+00 9.51549e-01
1.03500e+03 5.32108e+00 9.49165e-01
1.03600e+03 5.32108e+00 9.46788e-01
1.03700e+03 5.32107e+00 9.44417e-01
1.03800e+03 5.32106e+00 9.42052e-01
1.03900e+03 5.32104e+00 9.39694e-01
1.04000e+03 5.32103e+00 9.37342e-01
1.04100e+03 5.32100e+00 9.34996e-01
1.04200e+03 5.32098e+00 9.32656e-01
1.04300e+03 5.32095e+00 9.30322e-01
1.04400e+03 5.32092e+00 9.27994e-01
1.04500e+03 5.32088e+00 9.25673e-01
1.04600e+03 5.32084e+00 9.23358e-01
1.04700e+03 5.32080e+00 9.21049e-01
1.04800e+03 5.32075e+00 9.18746e-01
1.04900e+03 5.32070e+00 9.16449e-01
1.05000e+03 5.32064e+00 9.14158e-01
1.05100e+03 5.32058e+00 9.11874e-01
1.05200e+03 5.32052e+00 9.09595e-01
1.05300e+03 5.32046e+00 9.07322e-01
1.05400e+03 5.32039e+00 9.05056e-01
1.05500e+03 5.32032e+00 9.02795e-01
1.05600e+03 5.32024e+00 9.00541e-01
1.05700e+03 5.32016e+00 8.98292e-01
1.05800e+03 5.32008e+00 8.96049e-01
1.05900e+03 5.32000e+00 8.93813e-01
1.06000e+03 5.31991e+00 8.91582e-01
1.06100e+03 5.31981e+00 8.89357e-01
1.06200e+03 5.31972e+00 8.87139e-01
1.06300e+03 5.31962e+00 8.84926e-01
1.06400e+03 5.31952e+00 8.82719e-01
1.06500e+03 5.31941e+00 8.80517e-01
1.06600e+03 5.31930e+00 8.78322e-01
1.06700e+03 5.31919e+00 8.76133e-01
1.06800e+03 5.31907e+00 8.73949e-01
1.06900e+03 5.31896e+00 8.71771e-01
1.07000e+03 5.31883e+00 8.69599e-01
1.07100e+03 5.31871e+00 8.67433e-01
1.07200e+03 5.31858e+00 8.65273e-01
1.07300e+03 5.31845e+00 8.63118e-01
1.07400e+03 5.31832e+00 8.60969e-01
1.07500e+03 5.31818e+00 8.58826e-01
1.07600e+03 5.31804e+00 8.56688e-01
1.07700e+03 5.31789e+00 8.54557e-01
1.07800e+03 5.31775e+00 8.52430e-01
1.07900e+03 5.31760e+00 8.50310e-01
1.08000e+03 5.31744e+00 8.48195e-01
1.08100e+03 5.31729e+00 8.46086e-01
1.08200e+03 5.31713e+00 8.43983e-01
1.08300e+03 5.31697e+00 8.41885e-01
1.08400e+03 5.31680e+00 8.39792e-01
1.08500e+03 5.31663e+00 8.37706e-01
1.08600e+03 5.31646e+00 8.35624e-01
1.08700e+03 5.31629e+00 8.33549e-01
1.08800e+03 5.31611e+00 8.31479e-01
1.08900e+03 5.31593e+00 8.29414e-01
1.09000e+03 5.31575e+00 8.27355e-01
1.09100e+03 5.31556e+00 8.25302e-01
1.09200e+03 5.31538e+00 8.23253e-01
1.09300e+03 5.31518e+00 8.21211e-01
1.09400e+03 5.31499e+00 8.19174e-01
1.09500e+03 5.31479e+00 8.17142e-01
1.09600e+03 5.31459e+00 8.15116e-01
1.09700e+03 5.31439e+00 8.13095e-01
1.09800e+03 5.31418e+00 8.11079e-01
1.09900e+03 5.31398e+00 8.09069e-01
1.10000e+03 5.31376e+00 8.07064e-01
1.10100e+03 5.31355e+00 8.05065e-01
1.10200e+03 5.31333e+00 8.03071e-01
1.10300e+03 5.31311e+00 8.01082e-01
1.10400e+03 5.31289e+00 7.99098e-01
1.10500e+03 5.31267e+00 7.97120e-01
1.10600e+03 5.31244e+00 7.95147e-01
1.10700e+03 5.31221e+00 7.93179e-01
1.10800e+03 5.31197e+00 7.91217e-01
1.10900e+03 5.31174e+00 7.89260e-01
1.11000e+03 5.31150e+00 7.87308e-01
1.11100e+03 5.31126e+00 7.85361e-01
1.11200e+03 5.31101e+00 7.83419e-01
1.11300e+03 5.31077e+00 7.81483e-01
1.11400e+03 5.31052e+00 7.79551e-01
1.11500e+03 5.31027e+00 7.77625e-01
1.11600e+03 5.31001e+00 7.75704e-01
1.11700e+03 5.30976e+00 7.73788e-01
1.11800e+03 5.30950e+00 7.71877e-01
1.11900e+03 5.30923e+00 7.69971e-01
1.12000e+03 5.30897e+00 7.68070e-01
1.12100e+03 5.30870e+00 7.66174e-01
1.12200e+03 5.30843e+00 7.64284e-01
1.12300e+03 5.30816e+00 7.62398e-01
1.12400e+03 5.30788e+00 7.60517e-01
1.12500e+03 5.30761e+00 7.58641e-01
1.12600e+03 5.30733e+00 7.56771e-01
1.12700e+03 5.30705e+00 7.54905e-01
1.12800e+03 5.30676e+00 7.53044e-01
1.12900e+03 5.30647e+00 7.51188e-01
1.13000e+03 5.30618e+00 7.49337e-01
1.13100e+03 5.30589e+00 7.47491e-01
1.13200e+03 5.30560e+00 7.45649e-01
1.13300e+03 5.30530e+00 7.43813e-01
1.13400e+03 5.30500e+00 7.41981e-01
1.13500e+03 5.30470e+00 7.40154e-01
1.13600e+03 5.30439e+00 7.38332e-01
1.13700e+03 5.30409e+00 7.36515e-01
1.13800e+03 5.30378e+00 7.34703e-01
1.13900e+03 5.30347e+00 7.32895e-01
1.14000e+03 5.30315e+00 7.31092e-01
1.14100e+03 5.30284e+00 7.29294e-01
1.14200e+03 5.30252e+00 7.27501e-01
1.14300e+03 5.30220e+00 7.25712e-01
1.14400e+03 5.30188e+00 7.23928e-01
1.14500e+03 5.30155e+00 7.22148e-01
1.14600e+03 5.30122e+00 7.20374e-01
1.14700e+03 5.30089e+00 7.18604e-01
1.14800e+03 5.30056e+00 7.16838e-01
1.14900e+03 5.30023e+00 7.15077e-01
1.15000e+03 5.29989e+00 7.13321e-01
1.15100e+03 5.29955e+00 7.11570e-01
1.15200e+03 5.29921e+00 7.09822e-01
1.15300e+03 5.29887e+00 7.08080e-01
1.15400e+03 5.29852e+00 7.06342e-01
1.15500e+03 5.29818e+00 7.04609e-01
1.15600e+03 5.29783e+00 7.02880e-01
1.15700e+03 5.29748e+00 7.01155e-01
1.15800e+03 5.29712e+00 6.99435e-01
1.15900e+03 5.29677e+00 6.97720e-01
1.16000e+03 5.29641e+00 6.96009e-01
1.16100e+03 5.29605e+00 6.94302e-01
1.16200e+03 5.29569e+00 6.92600e-01
1.16300e+03 5.29532e+00 6.90902e-01
1.16400e+03 5.29496e+00 6.89209e-01
1.16500e+03 5.29459e+00 6.87520e-01
1.16600e+03 5.29422e+00 6.85835e-01
1.16700e+03 5.29384e+00 6.84155e-01
1.16800e+03 5.29347e+00 6.82479e-01
1.16900e+03 5.29309e+00 6.80807e-01
1.17000e+03 5.29271e+00 6.79139e-01
1.17100e+03 5.29233e+00 6.77476e-01
1.17200e+03 5.29195e+00 6.75818e-01
1.17300e+03 5.29157e+00 6.74163e-01
1.17400e+03 5.29118e+00 6.72513e-01
1.17500e+03 5.29079e+00 6.70867e-01
1.17600e+03 5.29040e+00 6.69225e-01
1.17700e+03 5.29001e+00 6.67587e-01
1.17800e+03 5.28962e+00 6.65953e-01
1.17900e+03 5.28922e+00 6.64324e-01
1.18000e+03 5.28882e+00 6.62699e-01
1.18100e+03 5.28842e+00 6.61078e-01
1.18200e+03 5.28802e+00 6.59461e-01
1.18300e+03 5.28762e+00 6.57848e-01
1.18400e+03 5.28721e+00 6.56239e-01
1.18500e+03 5.28681e+00 6.54634e-01
1.18600e+03 5.28640e+00 6.53034e-01
1.18700e+03 5.28599e+00 6.51437e-01
1.18800e+03 5.28558e+00 6.49845e-01
1.18900e+03 5.28516e+00 6.48256e-01
1.19000e+03 5.28475e+00 6.46672e-01
1.19100e+03 5.28433e+00 6.45091e-01
1.19200e+03 5.28391e+00 6.43515e-01
1.19300e+03 5.28349e+00 6.41942e-01
1.19400e+03 5.28307e+00 6.40373e-01
1.19500e+03 5.28264e+00 6.38809e-01
1.19600e+03 5.28222e+00 6.37248e-01
1.19700e+03 5.28179e+00 6.35691e-01
1.19800e+03 5.28136e+00 6.34138e-01
1.19900e+03 5.28093e+00 6.32589e-01
1.20000e+03 5.28050e+00 6.31044e-01
1.20100e+03 5.28006e+00 6.29502e-01
1.20200e+03 5.27963e+00 6.27965e-01
1.20300e+03 5.27919e+00 6.26431e-01
1.20400e+03 5.27875e+00 6.24901e-01
1.20500e+03 5.27831e+00 6.23375e-01
1.20600e+03 5.27787e+00 6.21852e-01
1.20700e+03 5.27742e+00 6.20334e-01
1.20800e+03 5.27698e+00 6.18819e-01
1.20900e+03 5.27653e+00 6.17308e-01
1.21000e+03 5.27609e+00 6.15800e-01
1.21100e+03 5.27564e+00 6.14297e-01
1.21200e+03 5.27519e+00 6.12797e-01
1.21300e+03 5.27473e+00 6.11300e-01
1.21400e+03 5.27428e+00 6.09808e-01
1.21500e+03 5.27382e+00 6.08319e-01
1.21600e+03 5.27337e+00 6.06833e-01
1.21700e+03 5.27291e+00 6.05352e-01
1.21800e+03 5.27245e+00 6.03874e-01
1.21900e+03 5.27199e+00 6.02399e-01
1.22000e+03 5.27153e+00 6.00928e-01
1.22100e+03 5.27106e+00 5.99461e-01
1.22200e+03 5.27060e+00 5.97997e-01
1.22300e+03 5.27013e+00 5.96537e-01
1.22400e+03 5.26967e+00 5.95080e-01
1.22500e+03 5.26920e+00 5.93627e-01
1.22600e+03 5.26873e+00 5.92177e-01
1.22700e+03 5.26826e+00 5.90731e-01
1.22800e+03 5.26778e+00 5.89288e-01
1.22900e+03 5.26731e+00 5.87849e-01
1.23000e+03 5.26684e+00 5.86413e-01
1.23100e+03 5.26636e+00 5.84980e-01
1.23200e+03 5.26588e+00 5.83552e-01
1.23300e+03 5.26540e+00 5.82126e-01
1.23400e+03 5.26492e+00 5.80704e-01
1.23500e+03 5.26444e+00 5.79285e-01
1.23600e+03 5.26396e+00 5.77870e-01
1.23700e+03 5.26348e+00 5.76458e-01
1.23800e+03 5.26299e+00 5.75049e-01
1.23900e+03 5.26251e+00 5.73644e-01
1.24000e+03 5.26202e+00 5.72242e-01
1.24100e+03 5.26154e+00 5.70843e-01
1.24200e+03 5.26105e+00 5.69448e-01
1.24300e+03 5.26056e+00 5.68056e-01
1.24400e+03 5.26007e+00 5.66667e-01
1.24500e+03 5.25958e+00 5.65281e-01
1.24600e+03 5.25908e+00 5.63899e-01
1.24700e+03 5.25859e+00 5.62520e-01
1.24800e+03 5.25810e+00 5.61144e-01
1.24900e+03 5.25760e+00 5.59772e-01
1.25000e+03 5.25710e+00 5.58402e-01
1.25100e+03 5.25661e+00 5.57036e-01
1.25200e+03 5.25611e+00 5.55673e-01
1.25300e+03 5.25561e+00 5.54313e-01
1.25400e+03 5.25511e+00 5.52957e-01
1.25500e+03 5.25461e+00 5.51603e-01
1.25600e+03 5.25411e+00 5.50253e-01
1.25700e+03 5.25360e+00 5.48905e-01
1.25800e+03 5.25310e+00 5.47561e-01
1.25900e+03 5.25260e+00 5.46220e-01
1.26000e+03 5.25209e+00 5.44882e-01
1.26100e+03 5.25159e+00 5.43547e-01
1.26200e+03 5.25108e+00 5.42216e-01
1.26300e+03 5.25057e+00 5.40887e-01
1.26400e+03 5.25006e+00 5.39561e-01
1.26500e+03 5.24956e+00 5.38239e-01
1.26600e+03 5.24905e+00 5.36919e-01
1.26700e+03 5.24854e+00 5.35602e-01
1.26800e+03 5.24803e+00 5.34289e-01
1.26900e+03 5.24751e+00 5.32978e-01
1.27000e+03 5.24700e+00 5.31670e-01
1.27100e+03 5.24649e+00 5.30366e-01
1.27200e+03 5.24597e+00 5.29064e-01
1.27300e+03 5.24546e+00 5.27765e-01
1.27400e+03 5.24495e+00 5.26470e-01
1.27500e+03 5.24443e+00 5.25177e-01
1.27600e+03 5.24391e+00 5.23887e-01
1.27700e+03 5.24340e+00 5.22600e-01
1.27800e+03 5.24288e+00 5.21316e-01
1.27900e+03 5.24236e+00 5.20035e-01
1.28000e+03 5.24184e+00 5.18756e-01
1.28100e+03 5.24133e+00 5.17481e-01
1.28200e+03 5.24081e+00 5.16208e-01
1.28300e+03 5.24029e+00 5.14938e-01
1.28400e+03 5.23977e+00 5.13672e-01
1.28500e+03 5.23925e+00 5.12408e-01
1.28600e+03 5.23872e+00 5.11146e-01
1.28700e+03 5.23820e+00 5.09888e-01
1.28800e+03 5.23768e+00 5.08632e-01
1.28900e+03 5.23716e+00 5.07380e-01
1.29000e+03 5.23663e+00 5.06130e-01
1.29100e+03 5.23611e+00 5.04882e-01
1.29200e+03 5.23559e+00 5.03638e-01
1.29300e+03 5.23506e+00 5.02396e-01
1.29400e+03 5.23454e+00 5.01157e-01
1.29500e+03 5.23401e+00 4.99921e-01
1.29600e+03 5.23349e+00 4.98688e-01
1.29700e+03 5.23296e+00 4.97457e-01
1.29800e+03 5.23244e+00 4.96229e-01
1.29900e+03 5.23191e+00 4.95004e-01
1.30000e+03 5.23139e+00 4.93782e-01
1.30100e+03 5.23086e+00 4.92562e-01
1.30200e+03 5.23033e+00 4.91345e-01
1.30300e+03 5.22980e+00 4.90130e-01
1.30400e+03 5.22928e+00 4.88919e-01
1.30500e+03 5.22875e+00 4.87710e-01
1.30600e+03 5.22822e+00 4.86503e-01
1.30700e+03 5.22769e+00 4.85300e-01
1.30800e+03 5.22717e+00 4.84098e-01
1.30900e+03 5.22664e+00 4.82900e-01
1.31000e+03 5.22611e+00 4.81704e-01
1.31100e+03 5.22558e+00 4.80511e-01
1.31200e+03 5.22505e+00 4.79321e-01
1.31300e+03 5.22452e+00 4.78133e-01
1.31400e+03 5.22399e+00 4.76947e-01
1.31500e+03 5.22346e+00 4.75765e-01
1.31600e+03 5.22293e+00 4.74585e-01
1.31700e+03 5.22240e+00 4.73407e-01
1.31800e+03 5.22188e+00 4.72232e-01
1.31900e+03 5.22135e+00 4.71060e-01
1.32000e+03 5.22082e+00 4.69890e-01
1.32100e+03 5.22029e+00 4.68723e-01
1.32200e+03 5.21976e+00 4.67558e-01
1.32300e+03 5.21923e+00 4.66396e-01
1.32400e+03 5.21870e+00 4.65237e-01
1.32500e+03 5.21817e+00 4.64080e-01
1.32600e+03 5.21764e+00 4.62926e-01
1.32700e+03 5.21711e+00 4.61774e-01
1.32800e+03 5.21658e+00 4.60624e-01
1.32900e+03 5.21605e+00 4.59478e-01
1.33000e+03 5.21552e+00 4.58333e-01
1.33100e+03 5.21499e+00 4.57192e-01
1.33200e+03 5.21446e+00 4.56052e-01
1.33300e+03 5.21393e+00 4.54916e-01
1.33400e+03 5.21340e+00 4.53781e-01
1.33500e+03 5.21287e+00 4.52650e-01
1.33600e+03 5.21234e+00 4.51520e-01
1.33700e+03 5.21181e+00 4.50394e-01
1.33800e+03 5.21128e+00 4.49269e-01
1.33900e+03 5.21075e+00 4.48148e-01
1.34000e+03 5.21023e+00 4.47028e-01
1.34100e+03 5.20970e+00 4.45912e-01
1.34200e+03 5.20917e+00 4.44797e-01
1.34300e+03 5.20864e+00 4.43685e-01
1.34400e+03 5.20811e+00 4.42576e-01
1.34500e+03 5.20758e+00 4.41469e-01
1.34600e+03 5.20706e+00 4.40365e-01
1.34700e+03 5.20653e+00 4.39263e-01
1.34800e+03 5.20600e+00 4.38163e-01
1.34900e+03 5.20547e+00 4.37066e-01
1.35000e+03 5.20495e+00 4.35971e-01
1.35100e+03 5.20442e+00 4.34879e-01
1.35200e+03 5.20389e+00 4.33789e-01
1.35300e+03 5.20337e+00 4.32702e-01
1.35400e+03 5.20284e+00 4.31617e-01
1.35500e+03 5.20232e+00 4.30535e-01
1.35600e+03 5.20179e+00 4.29455e-01
1.35700e+03 5.20126e+00 4.28377e-01
1.35800e+03 5.20074e+00 4.27302e-01
1.35900e+03 5.20021e+00 4.26230e-01
1.36000e+03 5.19969e+00 4.25159e-01
1.36100e+03 5.19917e+00 4.24091e-01
1.36200e+03 5.19864e+00 4.23026e-01
1.36300e+03 5.19812e+00 4.21963e-01
1.36400e+03 5.19760e+00 4.20902e-01
1.36500e+03 5.19707e+00 4.19844e-01
1.36600e+03 5.19655e+00 4.18789e-01
1.36700e+03 5.19603e+00 4.17735e-01
1.36800e+03 5.19551e+00 4.16684e-01
1.36900e+03 5.19498e+00 4.15636e-01
1.37000e+03 5.19446e+00 4.14590e-01
1.37100e+03 5.19394e+00 4.13546e-01
1.37200e+03 5.19342e+00 4.12505e-01
1.37300e+03 5.19290e+00 4.11466e-01
1.37400e+03 5.19238e+00 4.10430e-01
1.37500e+03 5.19186e+00 4.09396e-01
1.37600e+03 5.19134e+00 4.08365e-01
1.37700e+03 5.19083e+00 4.07336e-01
1.37800e+03 5.19031e+00 4.06309e-01
1.37900e+03 5.18979e+00 4.05285e-01
1.38000e+03 5.18927e+00 4.04263e-01
1.38100e+03 5.18876e+00 4.03243e-01
1.38200e+03 5.18824e+00 4.02226e-01
1.38300e+03 5.18772e+00 4.01212e-01
1.38400e+03 5.18721e+00 4.00200e-01
1.38500e+03 5.18669e+00 3.99190e-01
1.38600e+03 5.18618e+00 3.98183e-01
1.38700e+03 5.18566e+00 3.97178e-01
1.38800e+03 5.18515e+00 3.96175e-01
1.38900e+03 5.18464e+00 3.95175e-01
1.39000e+03 5.18412e+00 3.94178e-01
1.39100e+03 5.18361e+00 3.93183e-01
1.39200e+03 5.18310e+00 3.92190e-01
1.39300e+03 5.18259e+00 3.91200e-01
1.39400e+03 5.18207e+00 3.90212e-01
1.39500e+03 5.18156e+00 3.89227e-01
1.39600e+03 5.18105e+00 3.88244e-01
1.39700e+03 5.18054e+00 3.87263e-01
1.39800e+03 5.18003e+00 3.86285e-01
1.39900e+03 5.17952e+00 3.85309e-01
1.40000e+03 5.17902e+00 3.84336e-01
1.40100e+03 5.17851e+00 3.83366e-01
1.40200e+03 5.17800e+00 3.82397e-01
1.40300e+03 5.17749e+00 3.81432e-01
1.40400e+03 5.17699e+00 3.80468e-01
1.40500e+03 5.17648e+00 3.79507e-01
1.40600e+03 5.17597e+00 3.78549e-01
1.40700e+03 5.17547e+00 3.77593e-01
1.40800e+03 5.17496e+00 3.76640e-01
1.40900e+03 5.17446e+00 3.75689e-01
1.41000e+03 5.17396e+00 3.74740e-01
1.41100e+03 5.17345e+00 3.73794e-01
1.41200e+03 5.17295e+00 3.72851e-01
1.41300e+03 5.17245e+00 3.71910e-01
1.41400e+03 5.17194e+00 3.70971e-01
1.41500e+03 5.17144e+00 3.70035e-01
1.41600e+03 5.17094e+00 3.69102e-01
1.41700e+03 5.17044e+00 3.68171e-01
1.41800e+03 5.16994e+00 3.67242e-01
1.41900e+03 5.16944e+00 3.66316e-01
1.42000e+03 5.16894e+00 3.65393e-01
1.42100e+03 5.16844e+00 3.64472e-01
1.42200e+03 5.16795e+00 3.63554e-01
1.42300e+03 5.16745e+00 3.62638e-01
1.42400e+03 5.16695e+00 3.61724e-01
1.42500e+03 5.16646e+00 3.60814e-01
1.42600e+03 5.16596e+00 3.59905e-01
1.42700e+03 5.16546e+00 3.59000e-01
1.42800e+03 5.16497e+00 3.58096e-01
1.42900e+03 5.16447e+00 3.57196e-01
1.43000e+03 5.16398e+00 3.56298e-01
1.43100e+03 5.16349e+00 3.55402e-01
1.43200e+03 5.16299e+00 3.54509e-01
1.43300e+03 5.16250e+00 3.53619e-01
1.43400e+03 5.16201e+00 3.52731e-01
1.43500e+03 5.16151e+00 3.51846e-01
1.43600e+03 5.16102e+00 3.50964e-01
1.43700e+03 5.16053e+00 3.50084e-01
1.43800e+03 5.16004e+00 3.49207e-01
1.43900e+03 5.15955e+00 3.48332e-01
1.44000e+03 5.15906e+00 3.47460e-01
1.44100e+03 5.15857e+00 3.46590e-01
1.44200e+03 5.15808e+00 3.45723e-01
1.44300e+03 5.15760e+00 3.44859e-01
1.44400e+03 5.15711e+00 3.43998e-01
1.44500e+03 5.15662e+00 3.43139e-01
1.44600e+03 5.15613e+00 3.42282e-01
1.44700e+03 5.15565e+00 3.41429e-01
1.44800e+03 5.15516e+00 3.40578e-01
1.44900e+03 5.15467e+00 3.39729e-01
1.45000e+03 5.15419e+00 3.38884e-01
1.45100e+03 5.15370e+00 3.38041e-01
1.45200e+03 5.15322e+00 3.37200e-01
1.45300e+03 5.15274e+00 3.36363e-01
1.45400e+03 5.15225e+00 3.35528e-01
1.45500e+03 5.15177e+00 3.34695e-01
1.45600e+03 5.15128e+00 3.33866e-01
1.45700e+03 5.15080e+00 3.33039e-01
1.45800e+03 5.15032e+00 3.32215e-01
1.45900e+03 5.14984e+00 3.31394e-01
1.46000e+03 5.14936e+00 3.30575e-01
1.46100e+03 5.14888e+00 3.29759e-01
1.46200e+03 5.14839e+00 3.28946e-01
1.46300e+03 5.14791e+00 3.28135e-01
1.46400e+03 5.14743e+00 3.27328e-01
1.46500e+03 5.14695e+00 3.26523e-01
1.46600e+03 5.14647e+00 3.25720e-01
1.46700e+03 5.14600e+00 3.24921e-01
1.46800e+03 5.14552e+00 3.24124e-01
1.46900e+03 5.14504e+00 3.23330e-01
1.47000e+03 5.14456e+00 3.22539e-01
1.47100e+03 5.14408e+00 3.21751e-01
1.47200e+03 5.14360e+00 3.20966e-01
1.47300e+03 5.14313e+00 3.20183e-01
1.47400e+03 5.14265e+00 3.19403e-01
1.47500e+03 5.14217e+00 3.18626e-01
1.47600e+03 5.14170e+00 3.17852e-01
1.47700e+03 5.14122e+00 3.17080e-01
1.47800e+03 5.14075e+00 3.16311e-01
1.47900e+03 5.14027e+00 3.15546e-01
1.48000e+03 5.13979e+00 3.14783e-01
1.48100e+03 5.13932e+00 3.14023e-01
1.48200e+03 5.13884e+00 3.13265e-01
1.48300e+03 5.13837e+00 3.12511e-01
1.48400e+03 5.13789e+00 3.11759e-01
1.48500e+03 5.13742e+00 3.11011e-01
1.48600e+03 5.13695e+00 3.10265e-01
1.48700e+03 5.13647e+00 3.09522e-01
1.48800e+03 5.13600e+00 3.08782e-01
1.48900e+03 5.13552e+00 3.08045e-01
1.49000e+03 5.13505e+00 3.07310e-01
1.49100e+03 5.13458e+00 3.06579e-01
1.49200e+03 5.13410e+00 3.05850e-01
1.49300e+03 5.13363e+00 3.05125e-01
1.49400e+03 5.13316e+00 3.04402e-01
1.49500e+03 5.13269e+00 3.03682e-01
1.49600e+03 5.13221e+00 3.02965e-01
1.49700e+03 5.13174e+00 3.02252e-01
1.49800e+03 5.13127e+00 3.01541e-01
1.49900e+03 5.13080e+00 3.00832e-01
1.50000e+03 5.13032e+00 3.00127e-01
1.50100e+03 5.12985e+00 2.99425e-01
1.50200e+03 5.12938e+00 2.98726e-01
1.50300e+03 5.12891e+00 2.98030e-01
1.50400e+03 5.12844e+00 2.97336e-01
1.50500e+03 5.12796e+00 2.96646e-01
1.50600e+03 5.12749e+00 2.95958e-01
1.50700e+03 5.12702e+00 2.95274e-01
1.50800e+03 5.12655e+00 2.94592e-01
1.50900e+03 5.12607e+00 2.93914e-01
1.51000e+03 5.12560e+00 2.93238e-01
1.51100e+03 5.12513e+00 2.92565e-01
1.51200e+03 5.12466e+00 2.91896e-01
1.51300e+03 5.12419e+00 2.91229e-01
1.51400e+03 5.12371e+00 2.90565e-01
1.51500e+03 5.12324e+00 2.89905e-01
1.51600e+03 5.12277e+00 2.89247e-01
1.51700e+03 5.12230e+00 2.88592e-01
1.51800e+03 5.12182e+00 2.87941e-01
1.51900e+03 5.12135e+00 2.87292e-01
1.52000e+03 5.12088e+00 2.86646e-01
1.52100e+03 5.12041e+00 2.86003e-01
1.52200e+03 5.11993e+00 2.85363e-01
1.52300e+03 5.11946e+00 2.84727e-01
1.52400e+03 5.11899e+00 2.84093e-01
1.52500e+03 5.11851e+00 2.83462e-01
1.52600e+03 5.11804e+00 2.82834e-01
1.52700e+03 5.11756e+00 2.82210e-01
1.52800e+03 5.11709e+00 2.81588e-01
1.52900e+03 5.11662e+00 2.80969e-01
1.53000e+03 5.11614e+00 2.80353e-01
1.53100e+03 5.11567e+00 2.79740e-01
1.53200e+03 5.11519e+00 2.79131e-01
1.53300e+03 5.11472e+00 2.78524e-01
1.53400e+03 5.11424e+00 2.77920e-01
1.53500e+03 5.11376e+00 2.77319e-01
1.53600e+03 5.11329e+00 2.76721e-01
1.53700e+03 5.11281e+00 2.76126e-01
1.53800e+03 5.11233e+00 2.75535e-01
1.53900e+03 5.11186e+00 2.74946e-01
1.54000e+03 5.11138e+00 2.74360e-01
1.54100e+03 5.11090e+00 2.73777e-01
1.54200e+03 5.11042e+00 2.73197e-01
1.54300e+03 5.10994e+00 2.72620e-01
1.54400e+03 5.10946e+00 2.72046e-01
1.54500e+03 5.10898e+00 2.71475e-01
1.54600e+03 5.10850e+00 2.70907e-01
1.54700e+03 5.10802e+00 2.70342e-01
1.54800e+03 5.10754e+00 2.69780e-01
1.54900e+03 5.10706e+00 2.69221e-01
1.55000e+03 5.10658e+00 2.68665e-01
1.55100e+03 5.10610e+00 2.68111e-01
1.55200e+03 5.10561e+00 2.67561e-01
1.55300e+03 5.10513e+00 2.67014e-01
1.55400e+03 5.10465e+00 2.66469e-01
1.55500e+03 5.10416e+00 2.65927e-01
1.55600e+03 5.10368e+00 2.65389e-01
1.55700e+03 5.10319e+00 2.64853e-01
1.55800e+03 5.10270e+00 2.64320e-01
1.55900e+03 5.10222e+00 2.63790e-01
1.56000e+03 5.10173e+00 2.63263e-01
1.56100e+03 5.10124e+00 2.62739e-01
1.56200e+03 5.10075e+00 2.62218e-01
1.56300e+03 5.10026e+00 2.61699e-01
1.56400e+03 5.09977e+00 2.61184e-01
1.56500e+03 5.09928e+00 2.60671e-01
1.56600e+03 5.09879e+00 2.60161e-01
1.56700e+03 5.09830e+00 2.59654e-01
1.56800e+03 5.09781e+00 2.59150e-01
1.56900e+03 5.09731e+00 2.58648e-01
1.57000e+03 5.09682e+00 2.58149e-01
1.57100e+03 5.09632e+00 2.57653e-01
1.57200e+03 5.09583e+00 2.57160e-01
1.57300e+03 5.09533e+00 2.56670e-01
1.57400e+03 5.09483e+00 2.56182e-01
1.57500e+03 5.09433e+00 2.55697e-01
1.57600e+03 5.09383e+00 2.55215e-01
1.57700e+03 5.09333e+00 2.54735e-01
1.57800e+03 5.09283e+00 2.54259e-01
1.57900e+03 5.09233e+00 2.53784e-01
1.58000e+03 5.09183e+00 2.53313e-01
1.58100e+03 5.09133e+00 2.52844e-01
1.58200e+03 5.09082e+00 2.52378e-01
1.58300e+03 5.09032e+00 2.51914e-01
1.58400e+03 5.08981e+00 2.51453e-01
1.58500e+03 5.08930e+00 2.50995e-01
1.58600e+03 5.08879e+00 2.50539e-01
1.58700e+03 5.08828e+00 2.50085e-01
1.58800e+03 5.08777e+00 2.49635e-01
1.58900e+03 5.08726e+00 2.49186e-01
1.59000e+03 5.08675e+00 2.48740e-01
1.59100e+03 5.08624e+00 2.48297e-01
1.59200e+03 5.08572e+00 2.47856e-01
1.59300e+03 5.08521e+00 2.47418e-01
1.59400e+03 5.08469e+00 2.46982e-01
1.59500e+03 5.08417e+00 2.46548e-01
1.59600e+03 5.08365e+00 2.46117e-01
1.59700e+03 5.08314e+00 2.45688e-01
1.59800e+03 5.08261e+00 2.45261e-01
1.59900e+03 5.08209e+00 2.44837e-01
1.60000e+03 5.08157e+00 2.44415e-01
