6.21552e+01 6.68613e-01 1.26580e-01
6.23114e+01 6.66821e-01 1.27847e-01
6.24684e+01 6.65151e-01 1.29107e-01
6.26261e+01 6.63334e-01 1.30411e-01
6.27846e+01 6.61504e-01 1.31734e-01
6.29440e+01 6.59660e-01 1.33076e-01
6.31042e+01 6.57802e-01 1.34439e-01
6.32651e+01 6.56073e-01 1.35792e-01
6.34269e+01 6.54190e-01 1.37195e-01
6.35896e+01 6.52294e-01 1.38619e-01
6.37530e+01 6.50383e-01 1.40064e-01
6.39174e+01 6.48458e-01 1.41531e-01
6.40825e+01 6.46671e-01 1.42987e-01
6.42485e+01 6.44721e-01 1.44499e-01
6.44154e+01 6.42757e-01 1.46033e-01
6.45832e+01 6.40778e-01 1.47592e-01
6.47518e+01 6.38786e-01 1.49174e-01
6.49213e+01 6.36940e-01 1.50743e-01
6.50917e+01 6.34923e-01 1.52374e-01
6.52630e+01 6.32891e-01 1.54030e-01
6.54352e+01 6.30845e-01 1.55713e-01
6.56083e+01 6.28785e-01 1.57422e-01
6.57823e+01 6.26882e-01 1.59114e-01
6.59573e+01 6.24797e-01 1.60877e-01
6.61332e+01 6.22698e-01 1.62667e-01
6.63100e+01 6.20585e-01 1.64486e-01
6.64878e+01 6.18459e-01 1.66335e-01
6.66665e+01 6.16320e-01 1.68213e-01
6.68462e+01 6.14349e-01 1.70071e-01
6.70269e+01 6.12185e-01 1.72009e-01
6.72085e+01 6.10008e-01 1.73978e-01
6.73911e+01 6.07818e-01 1.75980e-01
6.75748e+01 6.05615e-01 1.78014e-01
6.77594e+01 6.03593e-01 1.80024e-01
6.79450e+01 6.01367e-01 1.82124e-01
6.81317e+01 5.99129e-01 1.84258e-01
6.83194e+01 5.96879e-01 1.86428e-01
6.85081e+01 5.94617e-01 1.88634e-01
6.86979e+01 5.92548e-01 1.90810e-01
6.88887e+01 5.90266e-01 1.93088e-01
6.90806e+01 5.87972e-01 1.95404e-01
6.92736e+01 5.85668e-01 1.97758e-01
6.94676e+01 5.83354e-01 2.00151e-01
6.96627e+01 5.81246e-01 2.02509e-01
6.98590e+01 5.78915e-01 2.04981e-01
7.00563e+01 5.76574e-01 2.07495e-01
7.02548e+01 5.74224e-01 2.10050e-01
7.04544e+01 5.71867e-01 2.12649e-01
7.06551e+01 5.69731e-01 2.15203e-01
7.08570e+01 5.67360e-01 2.17887e-01
7.10600e+01 5.64983e-01 2.20615e-01
7.12642e+01 5.62600e-01 2.23389e-01
7.14696e+01 5.60211e-01 2.26210e-01
7.16761e+01 5.58060e-01 2.28977e-01
7.18839e+01 5.55664e-01 2.31889e-01
7.20928e+01 5.53265e-01 2.34850e-01
7.23030e+01 5.50863e-01 2.37859e-01
7.25144e+01 5.48458e-01 2.40919e-01
7.27271e+01 5.46308e-01 2.43914e-01
7.29410e+01 5.43904e-01 2.47071e-01
7.31562e+01 5.41501e-01 2.50280e-01
7.33726e+01 5.39099e-01 2.53541e-01
7.35903e+01 5.36699e-01 2.56854e-01
7.38093e+01 5.34570e-01 2.60090e-01
7.40297e+01 5.32179e-01 2.63507e-01
7.42513e+01 5.29793e-01 2.66979e-01
7.44743e+01 5.27413e-01 2.70505e-01
7.46986e+01 5.25040e-01 2.74086e-01
7.49243e+01 5.22956e-01 2.77574e-01
7.51513e+01 5.20603e-01 2.81263e-01
7.53797e+01 5.18260e-01 2.85008e-01
7.56096e+01 5.15928e-01 2.88809e-01
7.58408e+01 5.13610e-01 2.92668e-01
7.60734e+01 5.11596e-01 2.96414e-01
7.63075e+01 5.09308e-01 3.00383e-01
7.65430e+01 5.07036e-01 3.04409e-01
7.67800e+01 5.04782e-01 3.08492e-01
7.70184e+01 5.02546e-01 3.12633e-01
7.72584e+01 5.00631e-01 3.16641e-01
7.74998e+01 4.98438e-01 3.20892e-01
7.77427e+01 4.96268e-01 3.25200e-01
7.79872e+01 4.94120e-01 3.29566e-01
7.82332e+01 4.91998e-01 3.33989e-01
7.84808e+01 4.89901e-01 3.38469e-01
7.87300e+01 4.88143e-01 3.42785e-01
7.89807e+01 4.86104e-01 3.47373e-01
7.92330e+01 4.84093e-01 3.52016e-01
7.94870e+01 4.82113e-01 3.56714e-01
7.97426e+01 4.80165e-01 3.61467e-01
7.99998e+01 4.78569e-01 3.66031e-01
8.02587e+01 4.76689e-01 3.70887e-01
8.05193e+01 4.74843e-01 3.75797e-01
8.07815e+01 4.73034e-01 3.80759e-01
8.10455e+01 4.71261e-01 3.85773e-01
8.13113e+01 4.69850e-01 3.90568e-01
8.15787e+01 4.68155e-01 3.95679e-01
8.18480e+01 4.66499e-01 4.00839e-01
8.21190e+01 4.64883e-01 4.06049e-01
8.23918e+01 4.63308e-01 4.11307e-01
8.26664e+01 4.62103e-01 4.16317e-01
8.29429e+01 4.60613e-01 4.21663e-01
8.32213e+01 4.59165e-01 4.27056e-01
8.35015e+01 4.57762e-01 4.32493e-01
8.37836e+01 4.56402e-01 4.37975e-01
8.40676e+01 4.55417e-01 4.43179e-01
8.43535e+01 4.54147e-01 4.48741e-01
8.46414e+01 4.52923e-01 4.54345e-01
8.49313e+01 4.51744e-01 4.59991e-01
8.52231e+01 4.50612e-01 4.65676e-01
8.55170e+01 4.49857e-01 4.71053e-01
8.58129e+01 4.48818e-01 4.76811e-01
8.61109e+01 4.47825e-01 4.82606e-01
8.64109e+01 4.46880e-01 4.88439e-01
8.67131e+01 4.45981e-01 4.94308e-01
8.70173e+01 4.45462e-01 4.99839e-01
8.73237e+01 4.44658e-01 5.05774e-01
8.76323e+01 4.43902e-01 5.11742e-01
8.79430e+01 4.43193e-01 5.17744e-01
8.82560e+01 4.42531e-01 5.23779e-01
8.85712e+01 4.42249e-01 5.29447e-01
8.88887e+01 4.41682e-01 5.35541e-01
8.92084e+01 4.41162e-01 5.41666e-01
8.95305e+01 4.40690e-01 5.47822e-01
8.98548e+01 4.40264e-01 5.54007e-01
9.01816e+01 4.40218e-01 5.59800e-01
9.05107e+01 4.39886e-01 5.66039e-01
9.08423e+01 4.39602e-01 5.72308e-01
9.11762e+01 4.39363e-01 5.78605e-01
9.15127e+01 4.39171e-01 5.84930e-01
9.18516e+01 4.39359e-01 5.90835e-01
9.21931e+01 4.39260e-01 5.97210e-01
9.25371e+01 4.39206e-01 6.03613e-01
9.28837e+01 4.39199e-01 6.10043e-01
9.32328e+01 4.39237e-01 6.16500e-01
9.35847e+01 4.39320e-01 6.22983e-01
9.39391e+01 4.39784e-01 6.29013e-01
9.42963e+01 4.39958e-01 6.35544e-01
9.46562e+01 4.40178e-01 6.42101e-01
9.50189e+01 4.40442e-01 6.48684e-01
9.53844e+01 4.40751e-01 6.55293e-01
9.57526e+01 4.41441e-01 6.61423e-01
9.61238e+01 4.41840e-01 6.68078e-01
9.64978e+01 4.42283e-01 6.74759e-01
9.68747e+01 4.42770e-01 6.81466e-01
9.72546e+01 4.43301e-01 6.88200e-01
9.76375e+01 4.44216e-01 6.94427e-01
9.80235e+01 4.44836e-01 7.01207e-01
9.84124e+01 4.45499e-01 7.08012e-01
9.88045e+01 4.46207e-01 7.14844e-01
9.91997e+01 4.46958e-01 7.21703e-01
9.95981e+01 4.48096e-01 7.28029e-01
9.99997e+01 4.48936e-01 7.34934e-01
1.00405e+02 4.49819e-01 7.41866e-01
1.00813e+02 4.50745e-01 7.48826e-01
1.01224e+02 4.51715e-01 7.55812e-01
1.01639e+02 4.53077e-01 7.62239e-01
1.02057e+02 4.54136e-01 7.69274e-01
1.02479e+02 4.55238e-01 7.76338e-01
1.02904e+02 4.56384e-01 7.83429e-01
1.03333e+02 4.57574e-01 7.90549e-01
1.03765e+02 4.59162e-01 7.97080e-01
1.04201e+02 4.60441e-01 8.04251e-01
1.04641e+02 4.61764e-01 8.11451e-01
1.05084e+02 4.63132e-01 8.18681e-01
1.05532e+02 4.64543e-01 8.25941e-01
1.05983e+02 4.66362e-01 8.32582e-01
1.06437e+02 4.67865e-01 8.39896e-01
1.06896e+02 4.69412e-01 8.47240e-01
1.07359e+02 4.71004e-01 8.54616e-01
1.07826e+02 4.72641e-01 8.62024e-01
1.08297e+02 4.74697e-01 8.68781e-01
1.08772e+02 4.76428e-01 8.76246e-01
1.09251e+02 4.78204e-01 8.83744e-01
1.09734e+02 4.80027e-01 8.91275e-01
1.10222e+02 4.81896e-01 8.98840e-01
1.10714e+02 4.84197e-01 9.05720e-01
1.11210e+02 4.86163e-01 9.13346e-01
1.11711e+02 4.88176e-01 9.21006e-01
1.12217e+02 4.90237e-01 9.28703e-01
1.12727e+02 4.92347e-01 9.36435e-01
1.13242e+02 4.94902e-01 9.43447e-01
1.13761e+02 4.97112e-01 9.51244e-01
1.14285e+02 4.99371e-01 9.59079e-01
1.14815e+02 5.01680e-01 9.66952e-01
1.15349e+02 5.04040e-01 9.74863e-01
1.15888e+02 5.06863e-01 9.82014e-01
1.16432e+02 5.09328e-01 9.89995e-01
1.16981e+02 5.11845e-01 9.98015e-01
1.17535e+02 5.14415e-01 1.00608e+00
1.18095e+02 5.17038e-01 1.01418e+00
1.18660e+02 5.19714e-01 1.02232e+00
1.19230e+02 5.22878e-01 1.02966e+00
1.19806e+02 5.25667e-01 1.03787e+00
1.20388e+02 5.28511e-01 1.04614e+00
1.20975e+02 5.31411e-01 1.05444e+00
1.21568e+02 5.34369e-01 1.06280e+00
1.22167e+02 5.37837e-01 1.07029e+00
1.22772e+02 5.40915e-01 1.07872e+00
1.23383e+02 5.44051e-01 1.08720e+00
1.24000e+02 5.47247e-01 1.09572e+00
1.24623e+02 5.50504e-01 1.10430e+00
1.25252e+02 5.54299e-01 1.11196e+00
1.25888e+02 5.57685e-01 1.12062e+00
1.26530e+02 5.61134e-01 1.12933e+00
1.27179e+02 5.64646e-01 1.13809e+00
1.27835e+02 5.68224e-01 1.14690e+00
1.28497e+02 5.72371e-01 1.15474e+00
1.29166e+02 5.76087e-01 1.16364e+00
1.29843e+02 5.79871e-01 1.17259e+00
1.30526e+02 5.83724e-01 1.18160e+00
1.31217e+02 5.87647e-01 1.19066e+00
1.31915e+02 5.92175e-01 1.19870e+00
1.32620e+02 5.96249e-01 1.20786e+00
1.33333e+02 6.00395e-01 1.21707e+00
1.34054e+02 6.04616e-01 1.22635e+00
1.34782e+02 6.08913e-01 1.23568e+00
1.35519e+02 6.13856e-01 1.24391e+00
1.36263e+02 6.18316e-01 1.25335e+00
1.37016e+02 6.22856e-01 1.26284e+00
1.37777e+02 6.27477e-01 1.27240e+00
1.38547e+02 6.32181e-01 1.28201e+00
1.39325e+02 6.37576e-01 1.29046e+00
1.40113e+02 6.42458e-01 1.30019e+00
1.40909e+02 6.47427e-01 1.30998e+00
1.41714e+02 6.52485e-01 1.31983e+00
1.42528e+02 6.57633e-01 1.32975e+00
1.43352e+02 6.63524e-01 1.33843e+00
1.44186e+02 6.68868e-01 1.34846e+00
1.45029e+02 6.74307e-01 1.35857e+00
1.45882e+02 6.79843e-01 1.36874e+00
1.46745e+02 6.85479e-01 1.37898e+00
1.47619e+02 6.91916e-01 1.38789e+00
1.48503e+02 6.97766e-01 1.39825e+00
1.49397e+02 7.03722e-01 1.40869e+00
1.50303e+02 7.09785e-01 1.41920e+00
1.51219e+02 7.15957e-01 1.42978e+00
1.52147e+02 7.22998e-01 1.43893e+00
1.53086e+02 7.29408e-01 1.44964e+00
1.54037e+02 7.35933e-01 1.46042e+00
1.55000e+02 7.42578e-01 1.47129e+00
1.55974e+02 7.49342e-01 1.48223e+00
1.56962e+02 7.56230e-01 1.49325e+00
1.57961e+02 7.64082e-01 1.50270e+00
1.58974e+02 7.71240e-01 1.51385e+00
1.60000e+02 7.78528e-01 1.52509e+00
1.61039e+02 7.85951e-01 1.53641e+00
1.62091e+02 7.93510e-01 1.54781e+00
1.63157e+02 8.02124e-01 1.55751e+00
1.64238e+02 8.09984e-01 1.56905e+00
1.65333e+02 8.17989e-01 1.58068e+00
1.66443e+02 8.26143e-01 1.59239e+00
1.67567e+02 8.34450e-01 1.60419e+00
1.68707e+02 8.43917e-01 1.61415e+00
1.69863e+02 8.52559e-01 1.62609e+00
1.71034e+02 8.61364e-01 1.63812e+00
1.72222e+02 8.70336e-01 1.65024e+00
1.73426e+02 8.79479e-01 1.66245e+00
1.74647e+02 8.89902e-01 1.67267e+00
1.75886e+02 8.99420e-01 1.68502e+00
1.77142e+02 9.09121e-01 1.69747e+00
1.78417e+02 9.19009e-01 1.71000e+00
1.79710e+02 9.29088e-01 1.72264e+00
1.81021e+02 9.40587e-01 1.73310e+00
1.82352e+02 9.51089e-01 1.74588e+00
1.83703e+02 9.61796e-01 1.75875e+00
1.85074e+02 9.72713e-01 1.77171e+00
1.86466e+02 9.83845e-01 1.78477e+00
1.87878e+02 9.96559e-01 1.79547e+00
1.89312e+02 1.00817e+00 1.80867e+00
1.90769e+02 1.02001e+00 1.82197e+00
1.92248e+02 1.03209e+00 1.83536e+00
1.93749e+02 1.04441e+00 1.84885e+00
1.95275e+02 1.05850e+00 1.85975e+00
1.96825e+02 1.07136e+00 1.87337e+00
1.98399e+02 1.08448e+00 1.88708e+00
1.99999e+02 1.09787e+00 1.90089e+00
2.01625e+02 1.11153e+00 1.91479e+00
2.03278e+02 1.12718e+00 1.92586e+00
2.04958e+02 1.14146e+00 1.93988e+00
2.06666e+02 1.15603e+00 1.95400e+00
2.08403e+02 1.17091e+00 1.96820e+00
2.10169e+02 1.18609e+00 1.98249e+00
2.11965e+02 1.20352e+00 1.99366e+00
2.13793e+02 1.21941e+00 2.00805e+00
2.15652e+02 1.23562e+00 2.02252e+00
2.17543e+02 1.25219e+00 2.03707e+00
2.19468e+02 1.26910e+00 2.05170e+00
2.21428e+02 1.28857e+00 2.06289e+00
2.23423e+02 1.30628e+00 2.07759e+00
2.25454e+02 1.32436e+00 2.09236e+00
2.27522e+02 1.34285e+00 2.10719e+00
2.29629e+02 1.36173e+00 2.12208e+00
2.31775e+02 1.38352e+00 2.13317e+00
2.33962e+02 1.40330e+00 2.14808e+00
2.36190e+02 1.42352e+00 2.16304e+00
2.38461e+02 1.44419e+00 2.17804e+00
2.40776e+02 1.46531e+00 2.19308e+00
2.43137e+02 1.48689e+00 2.20814e+00
2.45544e+02 1.51191e+00 2.21889e+00
2.47999e+02 1.53455e+00 2.23390e+00
2.50504e+02 1.55770e+00 2.24891e+00
2.53061e+02 1.58136e+00 2.26391e+00
2.55669e+02 1.60556e+00 2.27891e+00
2.58333e+02 1.63370e+00 2.28910e+00
2.61052e+02 1.65910e+00 2.30393e+00
2.63829e+02 1.68507e+00 2.31871e+00
2.66666e+02 1.71162e+00 2.33344e+00
2.69565e+02 1.73877e+00 2.34810e+00
2.72527e+02 1.77048e+00 2.35740e+00
2.75555e+02 1.79900e+00 2.37174e+00
2.78651e+02 1.82816e+00 2.38597e+00
2.81817e+02 1.85798e+00 2.40006e+00
2.85057e+02 1.88846e+00 2.41400e+00
2.88371e+02 1.92423e+00 2.42195e+00
2.91764e+02 1.95626e+00 2.43538e+00
2.95237e+02 1.98900e+00 2.44858e+00
2.98794e+02 2.02247e+00 2.46154e+00
3.02438e+02 2.05669e+00 2.47422e+00
3.06172e+02 2.09704e+00 2.48022e+00
3.09999e+02 2.13296e+00 2.49212e+00
3.13923e+02 2.16968e+00 2.50365e+00
3.17948e+02 2.20719e+00 2.51478e+00
3.22077e+02 2.24551e+00 2.52547e+00
3.26315e+02 2.29095e+00 2.52871e+00
3.30666e+02 2.33114e+00 2.53826e+00
3.35134e+02 2.37217e+00 2.54724e+00
3.39725e+02 2.41406e+00 2.55560e+00
3.44444e+02 2.45679e+00 2.56331e+00
3.49295e+02 2.50778e+00 2.56272e+00
3.54285e+02 2.55249e+00 2.56879e+00
3.59419e+02 2.59807e+00 2.57403e+00
3.64705e+02 2.64452e+00 2.57838e+00
3.70148e+02 2.69181e+00 2.58178e+00
3.75757e+02 2.74864e+00 2.57599e+00
3.81537e+02 2.79793e+00 2.57712e+00
3.87499e+02 2.84805e+00 2.57708e+00
3.93650e+02 2.89897e+00 2.57580e+00
3.99999e+02 2.95069e+00 2.57318e+00
4.06556e+02 3.01330e+00 2.56049e+00
4.13332e+02 3.06685e+00 2.55482e+00
4.20338e+02 3.12108e+00 2.54755e+00
4.27585e+02 3.17597e+00 2.53860e+00
4.35087e+02 3.23145e+00 2.52785e+00
4.42856e+02 3.29923e+00 2.50625e+00
4.50908e+02 3.35610e+00 2.49154e+00
4.59258e+02 3.41339e+00 2.47473e+00
4.67923e+02 3.47099e+00 2.45573e+00
4.76922e+02 3.52883e+00 2.43442e+00
4.86273e+02 3.58681e+00 2.41071e+00
4.95999e+02 3.65865e+00 2.37545e+00
5.06121e+02 3.71697e+00 2.34659e+00
5.16665e+02 3.77506e+00 2.31501e+00
5.27658e+02 3.83281e+00 2.28063e+00
5.39129e+02 3.89005e+00 2.24334e+00
5.51110e+02 3.96201e+00 2.19451e+00
5.63635e+02 4.01812e+00 2.15125e+00
5.76743e+02 4.07322e+00 2.10486e+00
5.90475e+02 4.12711e+00 2.05529e+00
6.04876e+02 4.17960e+00 2.00248e+00
6.19998e+02 4.24690e+00 1.93886e+00
6.35896e+02 4.29619e+00 1.87969e+00
6.52630e+02 4.34339e+00 1.81724e+00
6.70269e+02 4.38828e+00 1.75152e+00
6.88887e+02 4.43061e+00 1.68258e+00
7.08570e+02 4.48664e+00 1.60454e+00
7.29410e+02 4.52308e+00 1.52966e+00
7.51513e+02 4.55614e+00 1.45183e+00
7.74998e+02 4.58554e+00 1.37118e+00
7.99998e+02 4.61101e+00 1.28788e+00
8.26665e+02 4.64731e+00 1.19825e+00
8.55170e+02 4.66365e+00 1.11072e+00
8.85712e+02 4.67510e+00 1.02130e+00
9.18516e+02 4.68132e+00 9.30341e-01
9.53844e+02 4.68202e+00 8.38257e-01
9.91997e+02 4.68833e+00 7.43705e-01
1.03333e+03 4.67608e+00 6.51260e-01
1.07826e+03 4.65717e+00 5.59419e-01
1.12727e+03 4.63126e+00 4.69011e-01
1.18095e+03 4.59800e+00 3.81052e-01
1.24000e+03 4.56276e+00 2.96438e-01
1.30526e+03 4.51274e+00 2.17649e-01
1.37777e+03 4.45483e+00 1.46155e-01
1.45882e+03 4.38945e+00 8.46157e-02
1.55000e+03 4.31787e+00 3.65581e-02
1.65333e+03 4.24355e+00 6.71831e-03
1.77142e+03 4.17648e+00 -0.00000e+00
1.90769e+03 4.12674e+00 -0.00000e+00
2.06666e+03 4.08669e+00 -0.00000e+00
2.25454e+03 4.05321e+00 -0.00000e+00
2.47999e+03 4.02481e+00 -0.00000e+00
2.75555e+03 4.00059e+00 -0.00000e+00
3.09999e+03 3.97993e+00 -0.00000e+00
3.54285e+03 3.96241e+00 -0.00000e+00
4.13332e+03 3.94772e+00 -0.00000e+00
4.95999e+03 3.93562e+00 -0.00000e+00
6.19998e+03 3.92592e+00 -0.00000e+00
8.26665e+03 3.91851e+00 -0.00000e+00
1.24000e+04 3.91327e+00 -0.00000e+00
2.47999e+04 3.91016e+00 -0.00000e+00
