6.21552e+01 6.75965e-01 7.67773e-02
6.23114e+01 6.74053e-01 7.75648e-02
6.24684e+01 6.72207e-01 7.83549e-02
6.26261e+01 6.70261e-01 7.91669e-02
6.27846e+01 6.68296e-01 7.99917e-02
6.29440e+01 6.66312e-01 8.08295e-02
6.31042e+01 6.64310e-01 8.16806e-02
6.32651e+01 6.62377e-01 8.25343e-02
6.34269e+01 6.60337e-01 8.34127e-02
6.35896e+01 6.58278e-01 8.43053e-02
6.37530e+01 6.56199e-01 8.52125e-02
6.39174e+01 6.54099e-01 8.61346e-02
6.40825e+01 6.52075e-01 8.70593e-02
6.42485e+01 6.49936e-01 8.80119e-02
6.44154e+01 6.47776e-01 8.89804e-02
6.45832e+01 6.45595e-01 8.99653e-02
6.47518e+01 6.43393e-01 9.09669e-02
6.49213e+01 6.41271e-01 9.19711e-02
6.50917e+01 6.39026e-01 9.30069e-02
6.52630e+01 6.36760e-01 9.40607e-02
6.54352e+01 6.34471e-01 9.51328e-02
6.56083e+01 6.32160e-01 9.62238e-02
6.57823e+01 6.29934e-01 9.73174e-02
6.59573e+01 6.27578e-01 9.84470e-02
6.61332e+01 6.25198e-01 9.95969e-02
6.63100e+01 6.22795e-01 1.00768e-01
6.64878e+01 6.20367e-01 1.01959e-01
6.66665e+01 6.17915e-01 1.03173e-01
6.68462e+01 6.15556e-01 1.04390e-01
6.70269e+01 6.13057e-01 1.05648e-01
6.72085e+01 6.10532e-01 1.06931e-01
6.73911e+01 6.07982e-01 1.08237e-01
6.75748e+01 6.05406e-01 1.09568e-01
6.77594e+01 6.02929e-01 1.10902e-01
6.79450e+01 6.00303e-01 1.12284e-01
6.81317e+01 5.97650e-01 1.13693e-01
6.83194e+01 5.94970e-01 1.15130e-01
6.85081e+01 5.92263e-01 1.16595e-01
6.86979e+01 5.89664e-01 1.18063e-01
6.88887e+01 5.86904e-01 1.19586e-01
6.90806e+01 5.84117e-01 1.21140e-01
6.92736e+01 5.81301e-01 1.22726e-01
6.94676e+01 5.78457e-01 1.24344e-01
6.96627e+01 5.75729e-01 1.25964e-01
6.98590e+01 5.72830e-01 1.27649e-01
7.00563e+01 5.69902e-01 1.29370e-01
7.02548e+01 5.66945e-01 1.31126e-01
7.04544e+01 5.63959e-01 1.32921e-01
7.06551e+01 5.61099e-01 1.34716e-01
7.08570e+01 5.58056e-01 1.36587e-01
7.10600e+01 5.54983e-01 1.38498e-01
7.12642e+01 5.51881e-01 1.40452e-01
7.14696e+01 5.48748e-01 1.42449e-01
7.16761e+01 5.45753e-01 1.44446e-01
7.18839e+01 5.42564e-01 1.46531e-01
7.20928e+01 5.39345e-01 1.48663e-01
7.23030e+01 5.36095e-01 1.50844e-01
7.25144e+01 5.32816e-01 1.53074e-01
7.27271e+01 5.29688e-01 1.55304e-01
7.29410e+01 5.26353e-01 1.57636e-01
7.31562e+01 5.22988e-01 1.60023e-01
7.33726e+01 5.19595e-01 1.62466e-01
7.35903e+01 5.16174e-01 1.64967e-01
7.38093e+01 5.12917e-01 1.67463e-01
7.40297e+01 5.09442e-01 1.70082e-01
7.42513e+01 5.05941e-01 1.72762e-01
7.44743e+01 5.02412e-01 1.75507e-01
7.46986e+01 4.98858e-01 1.78319e-01
7.49243e+01 4.95486e-01 1.81123e-01
7.51513e+01 4.91886e-01 1.84069e-01
7.53797e+01 4.88263e-01 1.87087e-01
7.56096e+01 4.84618e-01 1.90179e-01
7.58408e+01 4.80951e-01 1.93346e-01
7.60734e+01 4.77487e-01 1.96499e-01
7.63075e+01 4.73785e-01 1.99820e-01
7.65430e+01 4.70068e-01 2.03221e-01
7.67800e+01 4.66335e-01 2.06706e-01
7.70184e+01 4.62589e-01 2.10276e-01
7.72584e+01 4.59067e-01 2.13823e-01
7.74998e+01 4.55303e-01 2.17563e-01
7.77427e+01 4.51532e-01 2.21394e-01
7.79872e+01 4.47757e-01 2.25317e-01
7.82332e+01 4.43980e-01 2.29333e-01
7.84808e+01 4.40203e-01 2.33443e-01
7.87300e+01 4.36678e-01 2.37514e-01
7.89807e+01 4.32913e-01 2.41813e-01
7.92330e+01 4.29157e-01 2.46211e-01
7.94870e+01 4.25412e-01 2.50708e-01
7.97426e+01 4.21683e-01 2.55304e-01
7.99998e+01 4.18232e-01 2.59841e-01
8.02587e+01 4.14546e-01 2.64633e-01
8.05193e+01 4.10885e-01 2.69527e-01
8.07815e+01 4.07253e-01 2.74522e-01
8.10455e+01 4.03653e-01 2.79617e-01
8.13113e+01 4.00355e-01 2.84624e-01
8.15787e+01 3.96831e-01 2.89913e-01
8.18480e+01 3.93350e-01 2.95300e-01
8.21190e+01 3.89916e-01 3.00785e-01
8.23918e+01 3.86531e-01 3.06366e-01
8.26664e+01 3.83466e-01 3.11823e-01
8.29429e+01 3.80190e-01 3.17584e-01
8.32213e+01 3.76972e-01 3.23436e-01
8.35015e+01 3.73815e-01 3.29376e-01
8.37836e+01 3.70723e-01 3.35402e-01
8.40676e+01 3.67963e-01 3.41263e-01
8.43535e+01 3.65005e-01 3.47447e-01
8.46414e+01 3.62117e-01 3.53708e-01
8.49313e+01 3.59301e-01 3.60045e-01
8.52231e+01 3.56560e-01 3.66454e-01
8.55170e+01 3.54154e-01 3.72656e-01
8.58129e+01 3.51563e-01 3.79195e-01
8.61109e+01 3.49048e-01 3.85797e-01
8.64109e+01 3.46611e-01 3.92460e-01
8.67131e+01 3.44253e-01 3.99180e-01
8.70173e+01 3.42227e-01 4.05654e-01
8.73237e+01 3.40024e-01 4.12476e-01
8.76323e+01 3.37899e-01 4.19347e-01
8.79430e+01 3.35853e-01 4.26265e-01
8.82560e+01 3.33885e-01 4.33227e-01
8.85712e+01 3.32239e-01 4.39908e-01
8.88887e+01 3.30423e-01 4.46947e-01
8.92084e+01 3.28684e-01 4.54023e-01
8.95305e+01 3.27019e-01 4.61135e-01
8.98548e+01 3.25429e-01 4.68281e-01
9.01816e+01 3.24148e-01 4.75113e-01
9.05107e+01 3.22702e-01 4.82317e-01
9.08423e+01 3.21327e-01 4.89548e-01
9.11762e+01 3.20022e-01 4.96807e-01
9.15127e+01 3.18786e-01 5.04092e-01
9.18516e+01 3.17844e-01 5.11038e-01
9.21931e+01 3.16741e-01 5.18368e-01
9.25371e+01 3.15704e-01 5.25720e-01
9.28837e+01 3.14730e-01 5.33094e-01
9.32328e+01 3.13820e-01 5.40489e-01
9.35847e+01 3.12972e-01 5.47904e-01
9.39391e+01 3.12400e-01 5.54954e-01
9.42963e+01 3.11671e-01 5.62405e-01
9.46562e+01 3.11000e-01 5.69874e-01
9.50189e+01 3.10386e-01 5.77363e-01
9.53844e+01 3.09828e-01 5.84869e-01
9.57526e+01 3.09536e-01 5.91991e-01
9.61238e+01 3.09086e-01 5.99530e-01
9.64978e+01 3.08690e-01 6.07087e-01
9.68747e+01 3.08346e-01 6.14661e-01
9.72546e+01 3.08054e-01 6.22253e-01
9.76375e+01 3.08017e-01 6.29444e-01
9.80235e+01 3.07823e-01 6.37068e-01
9.84124e+01 3.07679e-01 6.44711e-01
9.88045e+01 3.07582e-01 6.52371e-01
9.91997e+01 3.07533e-01 6.60051e-01
9.95981e+01 3.07731e-01 6.67312e-01
9.99997e+01 3.07773e-01 6.75026e-01
1.00405e+02 3.07861e-01 6.82759e-01
1.00813e+02 3.07993e-01 6.90512e-01
1.01224e+02 3.08169e-01 6.98285e-01
1.01639e+02 3.08587e-01 7.05624e-01
1.02057e+02 3.08849e-01 7.13435e-01
1.02479e+02 3.09154e-01 7.21267e-01
1.02904e+02 3.09500e-01 7.29122e-01
1.03333e+02 3.09888e-01 7.36999e-01
1.03765e+02 3.10514e-01 7.44425e-01
1.04201e+02 3.10984e-01 7.52344e-01
1.04641e+02 3.11494e-01 7.60288e-01
1.05084e+02 3.12044e-01 7.68256e-01
1.05532e+02 3.12634e-01 7.76250e-01
1.05983e+02 3.13461e-01 7.83775e-01
1.06437e+02 3.14130e-01 7.91816e-01
1.06896e+02 3.14837e-01 7.99885e-01
1.07359e+02 3.15584e-01 8.07981e-01
1.07826e+02 3.16369e-01 8.16106e-01
1.08297e+02 3.17392e-01 8.23744e-01
1.08772e+02 3.18254e-01 8.31923e-01
1.09251e+02 3.19155e-01 8.40132e-01
1.09734e+02 3.20094e-01 8.48373e-01
1.10222e+02 3.21071e-01 8.56645e-01
1.10714e+02 3.22288e-01 8.64410e-01
1.11210e+02 3.23342e-01 8.72743e-01
1.11711e+02 3.24434e-01 8.81110e-01
1.12217e+02 3.25565e-01 8.89513e-01
1.12727e+02 3.26734e-01 8.97950e-01
1.13242e+02 3.28146e-01 9.05858e-01
1.13761e+02 3.29392e-01 9.14364e-01
1.14285e+02 3.30677e-01 9.22907e-01
1.14815e+02 3.32001e-01 9.31490e-01
1.15349e+02 3.33363e-01 9.40112e-01
1.15888e+02 3.34974e-01 9.48180e-01
1.16432e+02 3.36416e-01 9.56877e-01
1.16981e+02 3.37897e-01 9.65617e-01
1.17535e+02 3.39418e-01 9.74400e-01
1.18095e+02 3.40979e-01 9.83226e-01
1.18660e+02 3.42579e-01 9.92098e-01
1.19230e+02 3.44439e-01 1.00038e+00
1.19806e+02 3.46122e-01 1.00934e+00
1.20388e+02 3.47847e-01 1.01834e+00
1.20975e+02 3.49613e-01 1.02740e+00
1.21568e+02 3.51421e-01 1.03650e+00
1.22167e+02 3.53497e-01 1.04498e+00
1.22772e+02 3.55392e-01 1.05418e+00
1.23383e+02 3.57330e-01 1.06343e+00
1.24000e+02 3.59312e-01 1.07273e+00
1.24623e+02 3.61337e-01 1.08208e+00
1.25252e+02 3.63643e-01 1.09079e+00
1.25888e+02 3.65760e-01 1.10025e+00
1.26530e+02 3.67923e-01 1.10976e+00
1.27179e+02 3.70132e-01 1.11934e+00
1.27835e+02 3.72388e-01 1.12897e+00
1.28497e+02 3.74938e-01 1.13792e+00
1.29166e+02 3.77292e-01 1.14767e+00
1.29843e+02 3.79695e-01 1.15748e+00
1.30526e+02 3.82147e-01 1.16735e+00
1.31217e+02 3.84649e-01 1.17729e+00
1.31915e+02 3.87462e-01 1.18651e+00
1.32620e+02 3.90070e-01 1.19657e+00
1.33333e+02 3.92730e-01 1.20670e+00
1.34054e+02 3.95444e-01 1.21690e+00
1.34782e+02 3.98211e-01 1.22718e+00
1.35519e+02 4.01308e-01 1.23668e+00
1.36263e+02 4.04190e-01 1.24709e+00
1.37016e+02 4.07128e-01 1.25757e+00
1.37777e+02 4.10125e-01 1.26813e+00
1.38547e+02 4.13179e-01 1.27877e+00
1.39325e+02 4.16587e-01 1.28858e+00
1.40113e+02 4.19766e-01 1.29937e+00
1.40909e+02 4.23008e-01 1.31024e+00
1.41714e+02 4.26312e-01 1.32119e+00
1.42528e+02 4.29681e-01 1.33223e+00
1.43352e+02 4.33428e-01 1.34238e+00
1.44186e+02 4.36933e-01 1.35358e+00
1.45029e+02 4.40506e-01 1.36486e+00
1.45882e+02 4.44149e-01 1.37624e+00
1.46745e+02 4.47862e-01 1.38771e+00
1.47619e+02 4.51983e-01 1.39824e+00
1.48503e+02 4.55847e-01 1.40988e+00
1.49397e+02 4.59785e-01 1.42162e+00
1.50303e+02 4.63801e-01 1.43347e+00
1.51219e+02 4.67894e-01 1.44541e+00
1.52147e+02 4.72430e-01 1.45634e+00
1.53086e+02 4.76690e-01 1.46847e+00
1.54037e+02 4.81034e-01 1.48071e+00
1.55000e+02 4.85462e-01 1.49306e+00
1.55974e+02 4.89977e-01 1.50552e+00
1.56962e+02 4.94581e-01 1.51809e+00
1.57961e+02 4.99676e-01 1.52955e+00
1.58974e+02 5.04470e-01 1.54233e+00
1.60000e+02 5.09359e-01 1.55524e+00
1.61039e+02 5.14344e-01 1.56826e+00
1.62091e+02 5.19429e-01 1.58140e+00
1.63157e+02 5.25053e-01 1.59334e+00
1.64238e+02 5.30351e-01 1.60672e+00
1.65333e+02 5.35755e-01 1.62022e+00
1.66443e+02 5.41268e-01 1.63385e+00
1.67567e+02 5.46891e-01 1.64762e+00
1.68707e+02 5.53111e-01 1.66008e+00
1.69863e+02 5.58975e-01 1.67410e+00
1.71034e+02 5.64959e-01 1.68826e+00
1.72222e+02 5.71065e-01 1.70257e+00
1.73426e+02 5.77297e-01 1.71702e+00
1.74647e+02 5.84190e-01 1.73004e+00
1.75886e+02 5.90694e-01 1.74477e+00
1.77142e+02 5.97334e-01 1.75964e+00
1.78417e+02 6.04112e-01 1.77468e+00
1.79710e+02 6.11033e-01 1.78987e+00
1.81021e+02 6.18690e-01 1.80351e+00
1.82352e+02 6.25921e-01 1.81900e+00
1.83703e+02 6.33305e-01 1.83466e+00
1.85074e+02 6.40847e-01 1.85049e+00
1.86466e+02 6.48552e-01 1.86650e+00
1.87878e+02 6.57084e-01 1.88079e+00
1.89312e+02 6.65143e-01 1.89712e+00
1.90769e+02 6.73377e-01 1.91363e+00
1.92248e+02 6.81793e-01 1.93033e+00
1.93749e+02 6.90395e-01 1.94723e+00
1.95275e+02 6.99931e-01 1.96223e+00
1.96825e+02 7.08939e-01 1.97948e+00
1.98399e+02 7.18150e-01 1.99692e+00
1.99999e+02 7.27569e-01 2.01457e+00
2.01625e+02 7.37202e-01 2.03244e+00
2.03278e+02 7.47896e-01 2.04821e+00
2.04958e+02 7.57999e-01 2.06645e+00
2.06666e+02 7.68336e-01 2.08491e+00
2.08403e+02 7.78913e-01 2.10360e+00
2.10169e+02 7.89739e-01 2.12252e+00
2.11965e+02 8.01778e-01 2.13912e+00
2.13793e+02 8.13149e-01 2.15845e+00
2.15652e+02 8.24792e-01 2.17802e+00
2.17543e+02 8.36715e-01 2.19784e+00
2.19468e+02 8.48927e-01 2.21791e+00
2.21428e+02 8.62536e-01 2.23539e+00
2.23423e+02 8.75385e-01 2.25590e+00
2.25454e+02 8.88552e-01 2.27669e+00
2.27522e+02 9.02046e-01 2.29774e+00
2.29629e+02 9.15879e-01 2.31906e+00
2.31775e+02 9.31332e-01 2.33747e+00
2.33962e+02 9.45914e-01 2.35928e+00
2.36190e+02 9.60869e-01 2.38137e+00
2.38461e+02 9.76209e-01 2.40376e+00
2.40776e+02 9.91948e-01 2.42644e+00
2.43137e+02 1.00810e+00 2.44943e+00
2.45544e+02 1.02621e+00 2.46903e+00
2.47999e+02 1.04327e+00 2.49255e+00
2.50504e+02 1.06080e+00 2.51637e+00
2.53061e+02 1.07879e+00 2.54052e+00
2.55669e+02 1.09727e+00 2.56500e+00
2.58333e+02 1.11807e+00 2.58564e+00
2.61052e+02 1.13764e+00 2.61067e+00
2.63829e+02 1.15776e+00 2.63604e+00
2.66666e+02 1.17844e+00 2.66176e+00
2.69565e+02 1.19971e+00 2.68783e+00
2.72527e+02 1.22372e+00 2.70951e+00
2.75555e+02 1.24630e+00 2.73616e+00
2.78651e+02 1.26953e+00 2.76316e+00
2.81817e+02 1.29344e+00 2.79054e+00
2.85057e+02 1.31805e+00 2.81828e+00
2.88371e+02 1.34595e+00 2.84097e+00
2.91764e+02 1.37214e+00 2.86930e+00
2.95237e+02 1.39912e+00 2.89800e+00
2.98794e+02 1.42692e+00 2.92709e+00
3.02438e+02 1.45557e+00 2.95655e+00
3.06172e+02 1.48820e+00 2.98015e+00
3.09999e+02 1.51878e+00 3.01019e+00
3.13923e+02 1.55031e+00 3.04059e+00
3.17948e+02 1.58284e+00 3.07138e+00
3.22077e+02 1.61640e+00 3.10254e+00
3.26315e+02 1.65484e+00 3.12686e+00
3.30666e+02 1.69076e+00 3.15852e+00
3.35134e+02 1.72785e+00 3.19054e+00
3.39725e+02 1.76616e+00 3.22290e+00
3.44444e+02 1.80573e+00 3.25561e+00
3.49295e+02 1.85134e+00 3.28027e+00
3.54285e+02 1.89382e+00 3.31334e+00
3.59419e+02 1.93774e+00 3.34670e+00
3.64705e+02 1.98315e+00 3.38034e+00
3.70148e+02 2.03012e+00 3.41423e+00
3.75757e+02 2.08461e+00 3.43859e+00
3.81537e+02 2.13518e+00 3.47257e+00
3.87499e+02 2.18751e+00 3.50671e+00
3.93650e+02 2.24169e+00 3.54097e+00
3.99999e+02 2.29778e+00 3.57532e+00
4.06556e+02 2.36333e+00 3.59828e+00
4.13332e+02 2.42387e+00 3.63223e+00
4.20338e+02 2.48659e+00 3.66609e+00
4.27585e+02 2.55156e+00 3.69978e+00
4.35087e+02 2.61887e+00 3.73324e+00
4.42856e+02 2.69819e+00 3.75301e+00
4.50908e+02 2.77099e+00 3.78523e+00
4.59258e+02 2.84643e+00 3.81690e+00
4.67923e+02 2.92461e+00 3.84790e+00
4.76922e+02 3.00562e+00 3.87810e+00
4.86273e+02 3.08954e+00 3.90733e+00
4.95999e+02 3.18958e+00 3.91926e+00
5.06121e+02 3.28037e+00 3.94546e+00
5.16665e+02 3.37438e+00 3.97011e+00
5.27658e+02 3.47170e+00 3.99297e+00
5.39129e+02 3.57237e+00 4.01378e+00
5.51110e+02 3.69357e+00 4.01360e+00
5.63635e+02 3.80216e+00 4.02879e+00
5.76743e+02 3.91431e+00 4.04097e+00
5.90475e+02 4.03002e+00 4.04975e+00
6.04876e+02 4.14928e+00 4.05469e+00
6.19998e+02 4.29434e+00 4.03429e+00
6.35896e+02 4.42185e+00 4.02955e+00
6.52630e+02 4.55273e+00 4.01947e+00
6.70269e+02 4.68681e+00 4.00346e+00
6.88887e+02 4.82387e+00 3.98088e+00
7.08570e+02 4.99228e+00 3.92835e+00
7.29410e+02 5.13592e+00 3.89016e+00
7.51513e+02 5.28149e+00 3.84330e+00
7.74998e+02 5.42844e+00 3.78697e+00
7.99998e+02 5.57612e+00 3.72036e+00
8.26665e+02 5.75926e+00 3.62021e+00
8.55170e+02 5.90758e+00 3.53074e+00
8.85712e+02 6.05394e+00 3.42870e+00
9.18516e+02 6.19716e+00 3.31334e+00
9.53844e+02 6.33592e+00 3.18401e+00
9.91997e+02 6.50908e+00 3.02132e+00
1.03333e+03 6.63515e+00 2.86352e+00
1.07826e+03 6.75163e+00 2.69078e+00
1.12727e+03 6.85652e+00 2.50314e+00
1.18095e+03 6.94768e+00 2.30096e+00
1.24000e+03 7.06084e+00 2.07374e+00
1.30526e+03 7.11604e+00 1.84685e+00
1.37777e+03 7.14948e+00 1.60926e+00
1.45882e+03 7.15825e+00 1.36349e+00
1.55000e+03 7.13930e+00 1.11305e+00
1.65333e+03 7.11107e+00 8.60186e-01
1.77142e+03 7.02200e+00 6.18111e-01
1.90769e+03 6.89490e+00 3.92450e-01
2.06666e+03 6.72785e+00 1.97468e-01
2.25454e+03 6.52217e+00 5.50787e-02
2.47999e+03 6.29685e+00 4.16144e-02
2.75555e+03 6.17965e+00 4.78814e-02
3.09999e+03 6.08466e+00 5.55155e-02
3.54285e+03 6.00939e+00 6.50891e-02
4.13332e+03 5.94923e+00 7.75930e-02
4.95999e+03 5.90812e+00 9.46869e-02
6.19998e+03 5.87364e+00 1.20025e-01
8.26665e+03 5.85043e+00 1.61694e-01
1.24000e+04 5.84158e+00 2.44021e-01
2.47999e+04 5.87322e+00 4.86751e-01
