2.06600e+02 1.01000e+00 2.90900e+00
2.07300e+02 1.03600e+00 2.92800e+00
2.08000e+02 1.04600e+00 2.94400e+00
2.08700e+02 1.06600e+00 2.93700e+00
2.09400e+02 1.07000e+00 2.96300e+00
2.10100e+02 1.08300e+00 2.98200e+00
2.10900e+02 1.08800e+00 2.98700e+00
2.11600e+02 1.10200e+00 3.00500e+00
2.12300e+02 1.10900e+00 3.01500e+00
2.13000e+02 1.11900e+00 3.02500e+00
2.13800e+02 1.13300e+00 3.04500e+00
2.14500e+02 1.13900e+00 3.06100e+00
2.15300e+02 1.15500e+00 3.07300e+00
2.16000e+02 1.16400e+00 3.08600e+00
2.16800e+02 1.17500e+00 3.10200e+00
2.17500e+02 1.18000e+00 3.11200e+00
2.18300e+02 1.19500e+00 3.13500e+00
2.19100e+02 1.21100e+00 3.15000e+00
2.19800e+02 1.22200e+00 3.16900e+00
2.20600e+02 1.23500e+00 3.19000e+00
2.21400e+02 1.24700e+00 3.20600e+00
2.22200e+02 1.26500e+00 3.22800e+00
2.23000e+02 1.28000e+00 3.24500e+00
2.23800e+02 1.29900e+00 3.26700e+00
2.24600e+02 1.31900e+00 3.28500e+00
2.25400e+02 1.34000e+00 3.30200e+00
2.26300e+02 1.36200e+00 3.31900e+00
2.27100e+02 1.38900e+00 3.33400e+00
2.27900e+02 1.41600e+00 3.35000e+00
2.28800e+02 1.44500e+00 3.35900e+00
2.29600e+02 1.47100e+00 3.36600e+00
2.30500e+02 1.50200e+00 3.36800e+00
2.31300e+02 1.52600e+00 3.36800e+00
2.32200e+02 1.54800e+00 3.36400e+00
2.33100e+02 1.56600e+00 3.35800e+00
2.33900e+02 1.57900e+00 3.35300e+00
2.34800e+02 1.58500e+00 3.34600e+00
2.35700e+02 1.59000e+00 3.34400e+00
2.36600e+02 1.59100e+00 3.34400e+00
2.37500e+02 1.59200e+00 3.34700e+00
2.38400e+02 1.58900e+00 3.35400e+00
2.39400e+02 1.58600e+00 3.36300e+00
2.40300e+02 1.58200e+00 3.37600e+00
2.41200e+02 1.57900e+00 3.38900e+00
2.42200e+02 1.57300e+00 3.40800e+00
2.43100e+02 1.57100e+00 3.42900e+00
2.44100e+02 1.57000e+00 3.45100e+00
2.45000e+02 1.56900e+00 3.47700e+00
2.46000e+02 1.56800e+00 3.50400e+00
2.47000e+02 1.56900e+00 3.53300e+00
2.48000e+02 1.57000e+00 3.56500e+00
2.49000e+02 1.57500e+00 3.59800e+00
2.50000e+02 1.58000e+00 3.63200e+00
2.51000e+02 1.58400e+00 3.67000e+00
2.52000e+02 1.59100e+00 3.70900e+00
2.53000e+02 1.59700e+00 3.74900e+00
2.54100e+02 1.60800e+00 3.78900e+00
2.55100e+02 1.61800e+00 3.83500e+00
2.56200e+02 1.62900e+00 3.88000e+00
2.57200e+02 1.64300e+00 3.92800e+00
2.58300e+02 1.65800e+00 3.97900e+00
2.59400e+02 1.67300e+00 4.03100e+00
2.60500e+02 1.69200e+00 4.08800e+00
2.61600e+02 1.71300e+00 4.14900e+00
2.62700e+02 1.73700e+00 4.21100e+00
2.63800e+02 1.76400e+00 4.27800e+00
2.64900e+02 1.79400e+00 4.35000e+00
2.66100e+02 1.83100e+00 4.42600e+00
2.67200e+02 1.87400e+00 4.50600e+00
2.68400e+02 1.92700e+00 4.59000e+00
2.69500e+02 1.98800e+00 4.67800e+00
2.70700e+02 2.05900e+00 4.76400e+00
2.71900e+02 2.14000e+00 4.84900e+00
2.73100e+02 2.23400e+00 4.93300e+00
2.74300e+02 2.33900e+00 5.01100e+00
2.75500e+02 2.45100e+00 5.08200e+00
2.76800e+02 2.57200e+00 5.14800e+00
2.78000e+02 2.70000e+00 5.20600e+00
2.79200e+02 2.83300e+00 5.25700e+00
2.80500e+02 2.97400e+00 5.30400e+00
2.81800e+02 3.12000e+00 5.34400e+00
2.83100e+02 3.27700e+00 5.38100e+00
2.84400e+02 3.44400e+00 5.41400e+00
2.85700e+02 3.63400e+00 5.43500e+00
2.87000e+02 3.84900e+00 5.43900e+00
2.88300e+02 4.08600e+00 5.39500e+00
2.89700e+02 4.31800e+00 5.30100e+00
2.91000e+02 4.52500e+00 5.15800e+00
2.92400e+02 4.68600e+00 4.98900e+00
2.93800e+02 4.80500e+00 4.81200e+00
2.95200e+02 4.88800e+00 4.63900e+00
2.96600e+02 4.94100e+00 4.48000e+00
2.98000e+02 4.97700e+00 4.33500e+00
2.99500e+02 4.99900e+00 4.20400e+00
3.00900e+02 5.01200e+00 4.08600e+00
3.02400e+02 5.02000e+00 3.97900e+00
3.03900e+02 5.02100e+00 3.88500e+00
3.05400e+02 5.02000e+00 3.79800e+00
3.06900e+02 5.01800e+00 3.72000e+00
3.08400e+02 5.01500e+00 3.65000e+00
3.10000e+02 5.01000e+00 3.58700e+00
3.11500e+02 5.00900e+00 3.52900e+00
3.13100e+02 5.01000e+00 3.47700e+00
3.14700e+02 5.00900e+00 3.42900e+00
3.16300e+02 5.01200e+00 3.38600e+00
3.17900e+02 5.01600e+00 3.34600e+00
3.19500e+02 5.02100e+00 3.31000e+00
3.21200e+02 5.02900e+00 3.27500e+00
3.22900e+02 5.04000e+00 3.24200e+00
3.24600e+02 5.05200e+00 3.21100e+00
3.26300e+02 5.06500e+00 3.18200e+00
3.28000e+02 5.07900e+00 3.15400e+00
3.29700e+02 5.09500e+00 3.12800e+00
3.31500e+02 5.11500e+00 3.10300e+00
3.33300e+02 5.13400e+00 3.07900e+00
3.35100e+02 5.15600e+00 3.05800e+00
3.36900e+02 5.17900e+00 3.03900e+00
3.38800e+02 5.20400e+00 3.02100e+00
3.40600e+02 5.23100e+00 3.00700e+00
3.42500e+02 5.26100e+00 2.99500e+00
3.44400e+02 5.29600e+00 2.98700e+00
3.46300e+02 5.33600e+00 2.98300e+00
3.48300e+02 5.38300e+00 2.98400e+00
3.50200e+02 5.44200e+00 2.98900e+00
3.52200e+02 5.51500e+00 2.99900e+00
3.54200e+02 5.61000e+00 3.01400e+00
3.56300e+02 5.73300e+00 3.02600e+00
3.58300e+02 5.89400e+00 3.02300e+00
3.60400e+02 6.08900e+00 2.98200e+00
3.62500e+02 6.30800e+00 2.88100e+00
3.64700e+02 6.52200e+00 2.70500e+00
3.66800e+02 6.69500e+00 2.45600e+00
3.69000e+02 6.79600e+00 2.16900e+00
3.71200e+02 6.82900e+00 1.87000e+00
3.73400e+02 6.79900e+00 1.57700e+00
3.75700e+02 6.70900e+00 1.32100e+00
3.78000e+02 6.58500e+00 1.11000e+00
3.80300e+02 6.45200e+00 9.45000e-01
3.82700e+02 6.31600e+00 8.15000e-01
3.85000e+02 6.18500e+00 7.14000e-01
3.87500e+02 6.06200e+00 6.30000e-01
3.89900e+02 5.94800e+00 5.61000e-01
3.92400e+02 5.84200e+00 5.05000e-01
3.94900e+02 5.74400e+00 4.56000e-01
3.97400e+02 5.65400e+00 4.16000e-01
4.00000e+02 5.57000e+00 3.87000e-01
4.02500e+02 5.49300e+00 3.55000e-01
4.05200e+02 5.42000e+00 3.29000e-01
4.07800e+02 5.34900e+00 3.13000e-01
4.10500e+02 5.28400e+00 2.91000e-01
4.13300e+02 5.22200e+00 2.69000e-01
4.16100e+02 5.16400e+00 2.55000e-01
4.18900e+02 5.10900e+00 2.44000e-01
4.21700e+02 5.05800e+00 2.28000e-01
4.24600e+02 5.00900e+00 2.11000e-01
4.27500e+02 4.96100e+00 2.03000e-01
4.30500e+02 4.91600e+00 1.94000e-01
4.33500e+02 4.87200e+00 1.85000e-01
4.36600e+02 4.83100e+00 1.85000e-01
4.39700e+02 4.79100e+00 1.70000e-01
4.42800e+02 4.75300e+00 1.63000e-01
4.46000e+02 4.71800e+00 1.49000e-01
4.49200e+02 4.68200e+00 1.49000e-01
4.52500e+02 4.64800e+00 1.33000e-01
4.55800e+02 4.61500e+00 1.31000e-01
4.59200e+02 4.58300e+00 1.30000e-01
4.62600e+02 4.55300e+00 1.31000e-01
4.66100e+02 4.52200e+00 1.34000e-01
4.69600e+02 4.49500e+00 1.20000e-01
4.73200e+02 4.46600e+00 1.20000e-01
4.76900e+02 4.44200e+00 9.00000e-02
4.80600e+02 4.41600e+00 9.40000e-02
4.84300e+02 4.39100e+00 8.30000e-02
4.88100e+02 4.36700e+00 7.90000e-02
4.92000e+02 4.34300e+00 7.70000e-02
4.95900e+02 4.32000e+00 7.30000e-02
4.99900e+02 4.29800e+00 7.30000e-02
5.04000e+02 4.27700e+00 6.60000e-02
5.08100e+02 4.25500e+00 7.20000e-02
5.12300e+02 4.23500e+00 6.00000e-02
5.16600e+02 4.21500e+00 6.00000e-02
5.20900e+02 4.19600e+00 5.60000e-02
5.25400e+02 4.17700e+00 5.30000e-02
5.29900e+02 4.15900e+00 4.30000e-02
5.34400e+02 4.14000e+00 4.50000e-02
5.39100e+02 4.12300e+00 4.80000e-02
5.43800e+02 4.10600e+00 4.40000e-02
5.48600e+02 4.08900e+00 4.40000e-02
5.53500e+02 4.07300e+00 3.20000e-02
5.58500e+02 4.05700e+00 3.80000e-02
5.63600e+02 4.04200e+00 3.20000e-02
5.68700e+02 4.02600e+00 3.40000e-02
5.74000e+02 4.01200e+00 3.00000e-02
5.79400e+02 3.99700e+00 2.70000e-02
5.84800e+02 3.98300e+00 3.00000e-02
5.90400e+02 3.96900e+00 3.00000e-02
5.96100e+02 3.95600e+00 2.70000e-02
6.01900e+02 3.94300e+00 2.50000e-02
6.07800e+02 3.93100e+00 2.50000e-02
6.13800e+02 3.91800e+00 2.40000e-02
6.19900e+02 3.90600e+00 2.20000e-02
6.26200e+02 3.89300e+00 2.20000e-02
6.32600e+02 3.88200e+00 1.90000e-02
6.39100e+02 3.87000e+00 1.80000e-02
6.45800e+02 3.85800e+00 1.70000e-02
6.52600e+02 3.84700e+00 1.60000e-02
6.59500e+02 3.83700e+00 1.60000e-02
6.66600e+02 3.82600e+00 1.50000e-02
6.73800e+02 3.81500e+00 1.40000e-02
6.81200e+02 3.80500e+00 1.30000e-02
6.88800e+02 3.79600e+00 1.30000e-02
6.96500e+02 3.78700e+00 1.30000e-02
7.04500e+02 3.77800e+00 1.20000e-02
7.12600e+02 3.76800e+00 1.10000e-02
7.20800e+02 3.76100e+00 1.10000e-02
7.29300e+02 3.75200e+00 1.00000e-02
7.38000e+02 3.74500e+00 1.00000e-02
7.46900e+02 3.73600e+00 9.00000e-03
7.56000e+02 3.72800e+00 9.00000e-03
7.65300e+02 3.72100e+00 8.00000e-03
7.74900e+02 3.71400e+00 8.00000e-03
7.84700e+02 3.70500e+00 7.00000e-03
7.94800e+02 3.69700e+00 7.00000e-03
8.05100e+02 3.68800e+00 6.00000e-03
8.15700e+02 3.68100e+00 6.00000e-03
8.26600e+02 3.67300e+00 5.00000e-03
8.85600e+02 3.63320e+00 7.75000e-03
9.53700e+02 3.59610e+00 2.26000e-03
9.68600e+02 3.58900e+00 6.40000e-04
9.84000e+02 3.58210e+00 5.10000e-04
9.99900e+02 3.57540e+00 4.00000e-04
1.01600e+03 3.56900e+00 2.80000e-04
1.03300e+03 3.56270e+00 1.80000e-04
1.05100e+03 3.55640e+00 1.20000e-04
1.06900e+03 3.55050e+00 6.70000e-05
1.08800e+03 3.54480e+00 4.20000e-05
1.10700e+03 3.53950e+00 2.50000e-05
1.12000e+03 3.53610e+00 1.60000e-05
1.12700e+03 3.53430e+00 1.30000e-05
1.14400e+03 3.52950e+00 6.80000e-06
1.14800e+03 3.52930e+00 5.80000e-06
1.17000e+03 3.52460e+00 1.50000e-06
1.20000e+03 3.51930e+00 -0.00000e+00
1.37200e+03 3.50070e+00 -0.00000e+00
1.40000e+03 3.48760e+00 -0.00000e+00
1.53200e+03 3.47840e+00 -0.00000e+00
1.60000e+03 3.47100e+00 -0.00000e+00
1.69600e+03 3.46440e+00 -0.00000e+00
1.80000e+03 3.45780e+00 -0.00000e+00
2.00000e+03 3.44900e+00 -0.00000e+00
2.43730e+03 3.44340e+00 -0.00000e+00
2.50000e+03 3.44240e+00 -0.00000e+00
2.71440e+03 3.43930e+00 -0.00000e+00
3.00000e+03 3.43610e+00 -0.00000e+00
3.30330e+03 3.43350e+00 -0.00000e+00
3.41880e+03 3.43270e+00 -0.00000e+00
3.50000e+03 3.43210e+00 -0.00000e+00
4.00000e+03 3.42940e+00 -0.00000e+00
5.00000e+03 3.42610e+00 -0.00000e+00
