5.16600e+01 6.55000e-01 4.20000e-01
5.39100e+01 6.25000e-01 4.81000e-01
5.63600e+01 6.11000e-01 5.60000e-01
5.90400e+01 6.17000e-01 6.47000e-01
6.19900e+01 6.35000e-01 7.43000e-01
6.52600e+01 6.76000e-01 8.41000e-01
6.88800e+01 7.35000e-01 9.36000e-01
7.29300e+01 8.10000e-01 1.03000e+00
7.74900e+01 9.02000e-01 1.11000e+00
8.26600e+01 1.00100e+00 1.18000e+00
8.85600e+01 1.11100e+00 1.26000e+00
9.53700e+01 1.24700e+00 1.35000e+00
1.03300e+02 1.41700e+00 1.43000e+00
1.12700e+02 1.65700e+00 1.52000e+00
1.18100e+02 1.82700e+00 1.53000e+00
1.24000e+02 2.00000e+00 1.49000e+00
1.30500e+02 2.16200e+00 1.44000e+00
1.37800e+02 2.32600e+00 1.32000e+00
1.45900e+02 2.49200e+00 1.16000e+00
1.55000e+02 2.65100e+00 9.62000e-01
1.60000e+02 2.71100e+00 8.66000e-01
1.65300e+02 2.75300e+00 7.50000e-01
1.71000e+02 2.76600e+00 6.12000e-01
1.77100e+02 2.75200e+00 4.93000e-01
1.83700e+02 2.72400e+00 3.80000e-01
1.90700e+02 2.68200e+00 2.73000e-01
1.98400e+02 2.62000e+00 1.74000e-01
2.06600e+02 2.54100e+00 1.02000e-01
2.15600e+02 2.46400e+00 5.70000e-02
2.25400e+02 2.39300e+00 2.90000e-02
2.36200e+02 2.33100e+00 1.10000e-02
2.48000e+02 2.27800e+00 4.90000e-03
2.61000e+02 2.23400e+00 1.20000e-03
2.75500e+02 2.19800e+00 2.20000e-04
2.91700e+02 2.16700e+00 -0.00000e+00
3.10000e+02 2.14100e+00 -0.00000e+00
3.54200e+02 2.09900e+00 -0.00000e+00
4.13300e+02 2.06600e+00 -0.00000e+00
4.95900e+02 2.04100e+00 -0.00000e+00
6.19900e+02 2.02200e+00 -0.00000e+00
8.26600e+02 2.00800e+00 -0.00000e+00
1.24000e+03 1.99800e+00 -0.00000e+00
