2.10730e+02 1.70880e+00 1.63926e+00
2.12310e+02 1.72335e+00 1.64257e+00
2.13890e+02 1.73795e+00 1.64570e+00
2.15470e+02 1.75257e+00 1.64862e+00
2.17050e+02 1.76721e+00 1.65131e+00
2.18630e+02 1.78184e+00 1.65374e+00
2.20210e+02 1.79644e+00 1.65591e+00
2.21790e+02 1.81099e+00 1.65781e+00
2.23370e+02 1.82548e+00 1.65943e+00
2.24950e+02 1.83988e+00 1.66076e+00
2.26520e+02 1.85417e+00 1.66181e+00
2.28100e+02 1.86835e+00 1.66258e+00
2.29680e+02 1.88238e+00 1.66306e+00
2.31260e+02 1.89626e+00 1.66327e+00
2.32840e+02 1.90997e+00 1.66321e+00
2.34420e+02 1.92349e+00 1.66289e+00
2.36010e+02 1.93682e+00 1.66232e+00
2.37590e+02 1.94995e+00 1.66151e+00
2.39170e+02 1.96286e+00 1.66047e+00
2.40750e+02 1.97554e+00 1.65921e+00
2.42330e+02 1.98799e+00 1.65775e+00
2.43910e+02 2.00020e+00 1.65610e+00
2.45490e+02 2.01217e+00 1.65427e+00
2.47070e+02 2.02389e+00 1.65228e+00
2.48650e+02 2.03536e+00 1.65014e+00
2.50230e+02 2.04658e+00 1.64787e+00
2.51810e+02 2.05754e+00 1.64548e+00
2.53390e+02 2.06826e+00 1.64298e+00
2.54970e+02 2.07873e+00 1.64039e+00
2.56560e+02 2.08895e+00 1.63773e+00
2.58140e+02 2.09894e+00 1.63500e+00
2.59720e+02 2.10869e+00 1.63222e+00
2.61300e+02 2.11820e+00 1.62940e+00
2.62880e+02 2.12750e+00 1.62654e+00
2.64460e+02 2.13658e+00 1.62368e+00
2.66040e+02 2.14545e+00 1.62080e+00
2.67630e+02 2.15413e+00 1.61792e+00
2.69210e+02 2.16261e+00 1.61505e+00
2.70790e+02 2.17092e+00 1.61220e+00
2.72370e+02 2.17906e+00 1.60936e+00
2.73950e+02 2.18704e+00 1.60656e+00
2.75540e+02 2.19488e+00 1.60378e+00
2.77120e+02 2.20258e+00 1.60104e+00
2.78700e+02 2.21015e+00 1.59834e+00
2.80280e+02 2.21761e+00 1.59567e+00
2.81870e+02 2.22497e+00 1.59304e+00
2.83450e+02 2.23224e+00 1.59045e+00
2.85030e+02 2.23943e+00 1.58789e+00
2.86610e+02 2.24654e+00 1.58536e+00
2.88200e+02 2.25359e+00 1.58286e+00
2.89780e+02 2.26059e+00 1.58039e+00
2.91360e+02 2.26755e+00 1.57793e+00
2.92940e+02 2.27447e+00 1.57549e+00
2.94530e+02 2.28136e+00 1.57305e+00
2.96110e+02 2.28823e+00 1.57060e+00
2.97690e+02 2.29508e+00 1.56815e+00
2.99270e+02 2.30191e+00 1.56567e+00
3.00860e+02 2.30873e+00 1.56317e+00
3.02440e+02 2.31554e+00 1.56063e+00
3.04020e+02 2.32235e+00 1.55804e+00
3.05610e+02 2.32915e+00 1.55539e+00
3.07190e+02 2.33593e+00 1.55268e+00
3.08770e+02 2.34271e+00 1.54989e+00
3.10360e+02 2.34946e+00 1.54701e+00
3.11940e+02 2.35620e+00 1.54404e+00
3.13520e+02 2.36291e+00 1.54097e+00
3.15110e+02 2.36959e+00 1.53779e+00
3.16690e+02 2.37623e+00 1.53450e+00
3.18280e+02 2.38283e+00 1.53108e+00
3.19860e+02 2.38936e+00 1.52754e+00
3.21440e+02 2.39583e+00 1.52386e+00
3.23030e+02 2.40223e+00 1.52006e+00
3.24610e+02 2.40854e+00 1.51612e+00
3.26190e+02 2.41475e+00 1.51204e+00
3.27780e+02 2.42085e+00 1.50782e+00
3.29360e+02 2.42683e+00 1.50347e+00
3.30950e+02 2.43269e+00 1.49900e+00
3.32530e+02 2.43840e+00 1.49439e+00
3.34120e+02 2.44397e+00 1.48966e+00
3.35700e+02 2.44937e+00 1.48482e+00
3.37280e+02 2.45461e+00 1.47986e+00
3.38870e+02 2.45967e+00 1.47481e+00
3.40450e+02 2.46455e+00 1.46966e+00
3.42040e+02 2.46923e+00 1.46443e+00
3.43620e+02 2.47372e+00 1.45914e+00
3.45210e+02 2.47801e+00 1.45377e+00
3.46790e+02 2.48209e+00 1.44836e+00
3.48370e+02 2.48597e+00 1.44291e+00
3.49960e+02 2.48964e+00 1.43744e+00
3.51540e+02 2.49310e+00 1.43195e+00
3.53130e+02 2.49636e+00 1.42646e+00
3.54710e+02 2.49941e+00 1.42098e+00
3.56300e+02 2.50227e+00 1.41551e+00
3.57880e+02 2.50493e+00 1.41008e+00
3.59470e+02 2.50739e+00 1.40469e+00
3.61050e+02 2.50968e+00 1.39935e+00
3.62640e+02 2.51179e+00 1.39406e+00
3.64220e+02 2.51373e+00 1.38885e+00
3.65810e+02 2.51551e+00 1.38370e+00
3.67390e+02 2.51715e+00 1.37862e+00
3.68980e+02 2.51864e+00 1.37363e+00
3.70560e+02 2.52000e+00 1.36871e+00
3.72150e+02 2.52124e+00 1.36388e+00
3.73730e+02 2.52237e+00 1.35913e+00
3.75320e+02 2.52338e+00 1.35446e+00
3.76900e+02 2.52429e+00 1.34986e+00
3.78490e+02 2.52510e+00 1.34534e+00
3.80070e+02 2.52581e+00 1.34089e+00
3.81660e+02 2.52642e+00 1.33651e+00
3.83250e+02 2.52692e+00 1.33220e+00
3.84830e+02 2.52731e+00 1.32797e+00
3.86420e+02 2.52759e+00 1.32382e+00
3.88000e+02 2.52775e+00 1.31977e+00
3.89590e+02 2.52778e+00 1.31584e+00
3.91170e+02 2.52769e+00 1.31205e+00
3.92760e+02 2.52751e+00 1.30845e+00
3.94340e+02 2.52724e+00 1.30506e+00
3.95930e+02 2.52696e+00 1.30192e+00
3.97520e+02 2.52673e+00 1.29905e+00
3.99100e+02 2.52664e+00 1.29642e+00
4.00690e+02 2.52679e+00 1.29398e+00
4.02270e+02 2.52724e+00 1.29159e+00
4.03860e+02 2.52798e+00 1.28908e+00
4.05440e+02 2.52887e+00 1.28629e+00
4.07030e+02 2.52959e+00 1.28320e+00
4.08620e+02 2.52986e+00 1.28012e+00
4.10200e+02 2.52979e+00 1.27771e+00
4.11790e+02 2.53037e+00 1.27642e+00
4.13370e+02 2.53313e+00 1.27519e+00
4.14960e+02 2.53758e+00 1.27098e+00
4.16540e+02 2.53897e+00 1.26283e+00
4.18130e+02 2.53405e+00 1.25697e+00
4.19720e+02 2.52992e+00 1.25938e+00
4.21300e+02 2.53490e+00 1.26315e+00
4.22890e+02 2.54366e+00 1.25869e+00
4.24470e+02 2.54674e+00 1.24869e+00
4.26060e+02 2.54394e+00 1.24107e+00
4.27650e+02 2.54067e+00 1.23831e+00
4.29230e+02 2.54041e+00 1.23781e+00
4.30820e+02 2.54305e+00 1.23646e+00
4.32400e+02 2.54680e+00 1.23289e+00
4.33990e+02 2.55002e+00 1.22730e+00
4.35580e+02 2.55189e+00 1.22064e+00
4.37160e+02 2.55236e+00 1.21383e+00
4.38750e+02 2.55182e+00 1.20748e+00
4.40340e+02 2.55077e+00 1.20185e+00
4.41920e+02 2.54967e+00 1.19688e+00
4.43510e+02 2.54879e+00 1.19239e+00
4.45090e+02 2.54830e+00 1.18811e+00
4.46680e+02 2.54822e+00 1.18380e+00
4.48270e+02 2.54847e+00 1.17926e+00
4.49850e+02 2.54896e+00 1.17434e+00
4.51440e+02 2.54955e+00 1.16898e+00
4.53020e+02 2.55009e+00 1.16312e+00
4.54610e+02 2.55048e+00 1.15679e+00
4.56200e+02 2.55059e+00 1.15000e+00
4.57780e+02 2.55036e+00 1.14282e+00
4.59370e+02 2.54971e+00 1.13530e+00
4.60960e+02 2.54860e+00 1.12751e+00
4.62540e+02 2.54700e+00 1.11952e+00
4.64130e+02 2.54490e+00 1.11139e+00
4.65710e+02 2.54229e+00 1.10318e+00
4.67300e+02 2.53917e+00 1.09495e+00
4.68890e+02 2.53556e+00 1.08674e+00
4.70470e+02 2.53148e+00 1.07861e+00
4.72060e+02 2.52693e+00 1.07058e+00
4.73650e+02 2.52196e+00 1.06269e+00
4.75230e+02 2.51656e+00 1.05497e+00
4.76820e+02 2.51078e+00 1.04744e+00
4.78410e+02 2.50464e+00 1.04012e+00
4.79990e+02 2.49816e+00 1.03303e+00
4.81580e+02 2.49136e+00 1.02616e+00
4.83160e+02 2.48427e+00 1.01955e+00
4.84750e+02 2.47691e+00 1.01319e+00
4.86340e+02 2.46929e+00 1.00709e+00
4.87920e+02 2.46144e+00 1.00124e+00
4.89510e+02 2.45338e+00 9.95667e-01
4.91100e+02 2.44512e+00 9.90354e-01
4.92680e+02 2.43668e+00 9.85304e-01
4.94270e+02 2.42807e+00 9.80517e-01
4.95850e+02 2.41931e+00 9.75991e-01
4.97440e+02 2.41040e+00 9.71723e-01
4.99030e+02 2.40137e+00 9.67712e-01
5.00610e+02 2.39222e+00 9.63953e-01
5.02200e+02 2.38296e+00 9.60443e-01
5.03790e+02 2.37361e+00 9.57179e-01
5.05370e+02 2.36416e+00 9.54157e-01
5.06960e+02 2.35463e+00 9.51373e-01
5.08540e+02 2.34503e+00 9.48823e-01
5.10130e+02 2.33536e+00 9.46505e-01
5.11720e+02 2.32562e+00 9.44412e-01
5.13300e+02 2.31584e+00 9.42543e-01
5.14890e+02 2.30600e+00 9.40894e-01
5.16470e+02 2.29611e+00 9.39460e-01
5.18060e+02 2.28619e+00 9.38238e-01
5.19650e+02 2.27623e+00 9.37226e-01
5.21230e+02 2.26623e+00 9.36418e-01
5.22820e+02 2.25621e+00 9.35813e-01
5.24400e+02 2.24616e+00 9.35408e-01
5.25990e+02 2.23609e+00 9.35198e-01
5.27580e+02 2.22600e+00 9.35182e-01
5.29160e+02 2.21590e+00 9.35357e-01
5.30750e+02 2.20578e+00 9.35720e-01
5.32330e+02 2.19565e+00 9.36268e-01
5.33920e+02 2.18551e+00 9.37000e-01
5.35510e+02 2.17537e+00 9.37913e-01
5.37090e+02 2.16522e+00 9.39004e-01
5.38680e+02 2.15507e+00 9.40272e-01
5.40260e+02 2.14492e+00 9.41715e-01
5.41850e+02 2.13477e+00 9.43331e-01
5.43440e+02 2.12463e+00 9.45118e-01
5.45020e+02 2.11449e+00 9.47074e-01
5.46610e+02 2.10436e+00 9.49197e-01
5.48190e+02 2.09424e+00 9.51487e-01
5.49780e+02 2.08413e+00 9.53941e-01
5.51360e+02 2.07404e+00 9.56559e-01
5.52950e+02 2.06396e+00 9.59338e-01
5.54540e+02 2.05389e+00 9.62278e-01
5.56120e+02 2.04385e+00 9.65378e-01
5.57710e+02 2.03382e+00 9.68635e-01
5.59290e+02 2.02381e+00 9.72049e-01
5.60880e+02 2.01383e+00 9.75619e-01
5.62460e+02 2.00388e+00 9.79343e-01
5.64050e+02 1.99395e+00 9.83221e-01
5.65630e+02 1.98404e+00 9.87252e-01
5.67220e+02 1.97417e+00 9.91434e-01
5.68810e+02 1.96433e+00 9.95767e-01
5.70390e+02 1.95452e+00 1.00025e+00
5.71980e+02 1.94475e+00 1.00488e+00
5.73560e+02 1.93501e+00 1.00966e+00
5.75150e+02 1.92531e+00 1.01459e+00
5.76730e+02 1.91566e+00 1.01966e+00
5.78320e+02 1.90604e+00 1.02487e+00
5.79900e+02 1.89647e+00 1.03023e+00
5.81490e+02 1.88694e+00 1.03574e+00
5.83070e+02 1.87746e+00 1.04138e+00
5.84660e+02 1.86803e+00 1.04717e+00
5.86240e+02 1.85866e+00 1.05309e+00
5.87830e+02 1.84933e+00 1.05916e+00
5.89410e+02 1.84006e+00 1.06536e+00
5.91000e+02 1.83085e+00 1.07169e+00
5.92580e+02 1.82169e+00 1.07817e+00
5.94170e+02 1.81260e+00 1.08478e+00
5.95750e+02 1.80357e+00 1.09152e+00
5.97340e+02 1.79460e+00 1.09839e+00
5.98920e+02 1.78570e+00 1.10539e+00
6.00510e+02 1.77687e+00 1.11252e+00
6.02090e+02 1.76811e+00 1.11978e+00
6.03680e+02 1.75942e+00 1.12716e+00
6.05260e+02 1.75080e+00 1.13467e+00
6.06850e+02 1.74226e+00 1.14230e+00
6.08430e+02 1.73380e+00 1.15006e+00
6.10010e+02 1.72542e+00 1.15793e+00
6.11600e+02 1.71712e+00 1.16592e+00
6.13180e+02 1.70890e+00 1.17403e+00
6.14770e+02 1.70077e+00 1.18225e+00
6.16350e+02 1.69273e+00 1.19058e+00
6.17940e+02 1.68477e+00 1.19903e+00
6.19520e+02 1.67690e+00 1.20758e+00
6.21100e+02 1.66913e+00 1.21624e+00
6.22690e+02 1.66145e+00 1.22501e+00
6.24270e+02 1.65386e+00 1.23387e+00
6.25860e+02 1.64637e+00 1.24284e+00
6.27440e+02 1.63897e+00 1.25190e+00
6.29020e+02 1.63168e+00 1.26107e+00
6.30610e+02 1.62448e+00 1.27032e+00
6.32190e+02 1.61739e+00 1.27966e+00
6.33780e+02 1.61040e+00 1.28910e+00
6.35360e+02 1.60351e+00 1.29862e+00
6.36940e+02 1.59673e+00 1.30822e+00
6.38530e+02 1.59005e+00 1.31791e+00
6.40110e+02 1.58348e+00 1.32768e+00
6.41690e+02 1.57702e+00 1.33752e+00
6.43280e+02 1.57066e+00 1.34744e+00
6.44860e+02 1.56442e+00 1.35743e+00
6.46440e+02 1.55828e+00 1.36749e+00
6.48030e+02 1.55225e+00 1.37761e+00
6.49610e+02 1.54633e+00 1.38780e+00
6.51190e+02 1.54052e+00 1.39805e+00
6.52780e+02 1.53483e+00 1.40837e+00
6.54360e+02 1.52924e+00 1.41873e+00
6.55940e+02 1.52377e+00 1.42916e+00
6.57520e+02 1.51841e+00 1.43963e+00
6.59110e+02 1.51315e+00 1.45016e+00
6.60690e+02 1.50801e+00 1.46073e+00
6.62270e+02 1.50298e+00 1.47135e+00
6.63860e+02 1.49806e+00 1.48201e+00
6.65440e+02 1.49326e+00 1.49271e+00
6.67020e+02 1.48856e+00 1.50345e+00
6.68600e+02 1.48397e+00 1.51422e+00
6.70190e+02 1.47949e+00 1.52503e+00
6.71770e+02 1.47512e+00 1.53587e+00
6.73350e+02 1.47086e+00 1.54673e+00
6.74930e+02 1.46671e+00 1.55763e+00
6.76520e+02 1.46267e+00 1.56855e+00
6.78100e+02 1.45873e+00 1.57950e+00
6.79680e+02 1.45490e+00 1.59046e+00
6.81260e+02 1.45117e+00 1.60144e+00
6.82840e+02 1.44755e+00 1.61244e+00
6.84420e+02 1.44403e+00 1.62346e+00
6.86010e+02 1.44061e+00 1.63449e+00
6.87590e+02 1.43730e+00 1.64553e+00
6.89170e+02 1.43409e+00 1.65658e+00
6.90750e+02 1.43097e+00 1.66765e+00
6.92330e+02 1.42796e+00 1.67871e+00
6.93910e+02 1.42504e+00 1.68979e+00
6.95500e+02 1.42223e+00 1.70087e+00
6.97080e+02 1.41950e+00 1.71194e+00
6.98660e+02 1.41688e+00 1.72303e+00
7.00240e+02 1.41434e+00 1.73411e+00
7.01820e+02 1.41190e+00 1.74518e+00
7.03400e+02 1.40955e+00 1.75626e+00
7.04980e+02 1.40729e+00 1.76733e+00
7.06560e+02 1.40512e+00 1.77840e+00
7.08140e+02 1.40305e+00 1.78946e+00
7.09720e+02 1.40105e+00 1.80051e+00
7.11310e+02 1.39915e+00 1.81155e+00
7.12890e+02 1.39732e+00 1.82259e+00
7.14470e+02 1.39559e+00 1.83361e+00
7.16050e+02 1.39393e+00 1.84462e+00
7.17630e+02 1.39236e+00 1.85562e+00
7.19210e+02 1.39087e+00 1.86661e+00
7.20790e+02 1.38946e+00 1.87758e+00
7.22370e+02 1.38812e+00 1.88853e+00
7.23950e+02 1.38687e+00 1.89948e+00
7.25530e+02 1.38569e+00 1.91040e+00
7.27110e+02 1.38458e+00 1.92131e+00
7.28690e+02 1.38355e+00 1.93220e+00
7.30270e+02 1.38259e+00 1.94307e+00
7.31850e+02 1.38170e+00 1.95392e+00
7.33430e+02 1.38089e+00 1.96475e+00
7.35010e+02 1.38014e+00 1.97556e+00
7.36580e+02 1.37947e+00 1.98636e+00
7.38160e+02 1.37886e+00 1.99713e+00
7.39740e+02 1.37832e+00 2.00787e+00
7.41320e+02 1.37784e+00 2.01860e+00
7.42900e+02 1.37743e+00 2.02930e+00
7.44480e+02 1.37708e+00 2.03999e+00
7.46060e+02 1.37680e+00 2.05064e+00
7.47640e+02 1.37658e+00 2.06128e+00
7.49220e+02 1.37641e+00 2.07189e+00
7.50790e+02 1.37631e+00 2.08248e+00
7.52370e+02 1.37627e+00 2.09304e+00
7.53950e+02 1.37629e+00 2.10358e+00
7.55530e+02 1.37636e+00 2.11409e+00
7.57110e+02 1.37649e+00 2.12457e+00
7.58690e+02 1.37667e+00 2.13504e+00
7.60260e+02 1.37691e+00 2.14547e+00
7.61840e+02 1.37721e+00 2.15588e+00
7.63420e+02 1.37755e+00 2.16627e+00
7.65000e+02 1.37795e+00 2.17662e+00
7.66580e+02 1.37840e+00 2.18695e+00
7.68150e+02 1.37890e+00 2.19726e+00
7.69730e+02 1.37945e+00 2.20754e+00
7.71310e+02 1.38005e+00 2.21779e+00
7.72890e+02 1.38070e+00 2.22801e+00
7.74460e+02 1.38139e+00 2.23821e+00
7.76040e+02 1.38214e+00 2.24838e+00
7.77620e+02 1.38292e+00 2.25853e+00
7.79190e+02 1.38376e+00 2.26864e+00
7.80770e+02 1.38464e+00 2.27873e+00
7.82350e+02 1.38556e+00 2.28879e+00
7.83920e+02 1.38652e+00 2.29883e+00
7.85500e+02 1.38753e+00 2.30884e+00
7.87080e+02 1.38858e+00 2.31881e+00
7.88650e+02 1.38967e+00 2.32877e+00
7.90230e+02 1.39081e+00 2.33869e+00
7.91800e+02 1.39198e+00 2.34859e+00
7.93380e+02 1.39319e+00 2.35846e+00
7.94960e+02 1.39444e+00 2.36831e+00
7.96530e+02 1.39573e+00 2.37812e+00
7.98110e+02 1.39706e+00 2.38791e+00
7.99680e+02 1.39843e+00 2.39767e+00
8.01260e+02 1.39983e+00 2.40741e+00
8.02830e+02 1.40126e+00 2.41711e+00
8.04410e+02 1.40274e+00 2.42679e+00
8.05980e+02 1.40425e+00 2.43645e+00
8.07560e+02 1.40579e+00 2.44607e+00
8.09130e+02 1.40737e+00 2.45567e+00
8.10710e+02 1.40898e+00 2.46524e+00
8.12280e+02 1.41062e+00 2.47479e+00
8.13860e+02 1.41230e+00 2.48431e+00
8.15430e+02 1.41400e+00 2.49380e+00
8.17010e+02 1.41574e+00 2.50327e+00
8.18580e+02 1.41751e+00 2.51270e+00
8.20160e+02 1.41932e+00 2.52212e+00
8.21730e+02 1.42115e+00 2.53150e+00
8.23300e+02 1.42301e+00 2.54086e+00
8.24880e+02 1.42490e+00 2.55020e+00
8.26450e+02 1.42682e+00 2.55950e+00
8.28030e+02 1.42877e+00 2.56878e+00
8.29600e+02 1.43075e+00 2.57804e+00
8.31170e+02 1.43275e+00 2.58727e+00
8.32750e+02 1.43478e+00 2.59647e+00
8.34320e+02 1.43684e+00 2.60565e+00
8.35890e+02 1.43893e+00 2.61480e+00
8.37460e+02 1.44104e+00 2.62392e+00
8.39040e+02 1.44318e+00 2.63303e+00
8.40610e+02 1.44534e+00 2.64210e+00
8.42180e+02 1.44753e+00 2.65115e+00
8.43750e+02 1.44974e+00 2.66018e+00
8.45330e+02 1.45198e+00 2.66918e+00
8.46900e+02 1.45424e+00 2.67815e+00
8.48470e+02 1.45653e+00 2.68710e+00
8.50040e+02 1.45884e+00 2.69603e+00
8.51620e+02 1.46117e+00 2.70493e+00
8.53190e+02 1.46352e+00 2.71380e+00
8.54760e+02 1.46590e+00 2.72266e+00
8.56330e+02 1.46830e+00 2.73148e+00
8.57900e+02 1.47073e+00 2.74029e+00
8.59470e+02 1.47317e+00 2.74906e+00
8.61040e+02 1.47564e+00 2.75782e+00
8.62610e+02 1.47812e+00 2.76655e+00
8.64190e+02 1.48063e+00 2.77526e+00
8.65760e+02 1.48316e+00 2.78394e+00
8.67330e+02 1.48570e+00 2.79260e+00
8.68900e+02 1.48827e+00 2.80124e+00
8.70470e+02 1.49086e+00 2.80985e+00
8.72040e+02 1.49347e+00 2.81844e+00
8.73610e+02 1.49609e+00 2.82701e+00
8.75180e+02 1.49874e+00 2.83555e+00
8.76750e+02 1.50140e+00 2.84407e+00
8.78320e+02 1.50408e+00 2.85257e+00
8.79890e+02 1.50679e+00 2.86104e+00
8.81460e+02 1.50951e+00 2.86949e+00
8.83030e+02 1.51224e+00 2.87792e+00
8.84600e+02 1.51500e+00 2.88633e+00
8.86160e+02 1.51777e+00 2.89471e+00
8.87730e+02 1.52056e+00 2.90307e+00
8.89300e+02 1.52336e+00 2.91142e+00
8.90870e+02 1.52618e+00 2.91973e+00
8.92440e+02 1.52902e+00 2.92803e+00
8.94010e+02 1.53188e+00 2.93630e+00
8.95580e+02 1.53475e+00 2.94456e+00
8.97140e+02 1.53764e+00 2.95279e+00
8.98710e+02 1.54054e+00 2.96100e+00
9.00280e+02 1.54346e+00 2.96918e+00
9.01850e+02 1.54639e+00 2.97735e+00
9.03420e+02 1.54934e+00 2.98549e+00
9.04980e+02 1.55230e+00 2.99362e+00
9.06550e+02 1.55528e+00 3.00172e+00
9.08120e+02 1.55828e+00 3.00980e+00
9.09680e+02 1.56128e+00 3.01786e+00
9.11250e+02 1.56430e+00 3.02590e+00
9.12820e+02 1.56734e+00 3.03392e+00
9.14380e+02 1.57039e+00 3.04192e+00
9.15950e+02 1.57345e+00 3.04990e+00
9.17520e+02 1.57653e+00 3.05786e+00
9.19080e+02 1.57962e+00 3.06580e+00
9.20650e+02 1.58272e+00 3.07371e+00
9.22220e+02 1.58584e+00 3.08161e+00
9.23780e+02 1.58897e+00 3.08949e+00
9.25350e+02 1.59211e+00 3.09735e+00
9.26910e+02 1.59526e+00 3.10518e+00
9.28480e+02 1.59843e+00 3.11300e+00
9.30040e+02 1.60161e+00 3.12080e+00
9.31610e+02 1.60480e+00 3.12858e+00
9.33170e+02 1.60801e+00 3.13634e+00
9.34740e+02 1.61122e+00 3.14408e+00
9.36300e+02 1.61445e+00 3.15180e+00
9.37870e+02 1.61769e+00 3.15950e+00
9.39430e+02 1.62094e+00 3.16718e+00
9.40990e+02 1.62420e+00 3.17484e+00
9.42560e+02 1.62747e+00 3.18249e+00
9.44120e+02 1.63076e+00 3.19011e+00
9.45690e+02 1.63405e+00 3.19772e+00
9.47250e+02 1.63736e+00 3.20530e+00
9.48810e+02 1.64067e+00 3.21287e+00
9.50380e+02 1.64400e+00 3.22042e+00
9.51940e+02 1.64734e+00 3.22796e+00
9.53500e+02 1.65069e+00 3.23547e+00
9.55060e+02 1.65404e+00 3.24296e+00
9.56630e+02 1.65741e+00 3.25044e+00
9.58190e+02 1.66079e+00 3.25790e+00
9.59750e+02 1.66418e+00 3.26534e+00
9.61310e+02 1.66758e+00 3.27276e+00
9.62880e+02 1.67098e+00 3.28017e+00
9.64440e+02 1.67440e+00 3.28755e+00
9.66000e+02 1.67783e+00 3.29493e+00
9.67560e+02 1.68126e+00 3.30228e+00
9.69120e+02 1.68471e+00 3.30961e+00
9.70680e+02 1.68816e+00 3.31693e+00
9.72250e+02 1.69163e+00 3.32423e+00
9.73810e+02 1.69510e+00 3.33151e+00
9.75370e+02 1.69858e+00 3.33877e+00
9.76930e+02 1.70207e+00 3.34602e+00
9.78490e+02 1.70557e+00 3.35325e+00
9.80050e+02 1.70907e+00 3.36046e+00
9.81610e+02 1.71259e+00 3.36766e+00
9.83170e+02 1.71611e+00 3.37484e+00
9.84730e+02 1.71965e+00 3.38200e+00
9.86290e+02 1.72319e+00 3.38915e+00
9.87850e+02 1.72673e+00 3.39627e+00
9.89410e+02 1.73029e+00 3.40339e+00
9.90970e+02 1.73385e+00 3.41048e+00
9.92520e+02 1.73743e+00 3.41756e+00
9.94080e+02 1.74101e+00 3.42462e+00
9.95640e+02 1.74459e+00 3.43167e+00
9.97200e+02 1.74819e+00 3.43870e+00
9.98760e+02 1.75179e+00 3.44571e+00
1.01269e+03 1.78433e+00 3.50774e+00
1.01608e+03 1.79233e+00 3.52264e+00
1.01946e+03 1.80036e+00 3.53747e+00
1.02285e+03 1.80843e+00 3.55223e+00
1.02624e+03 1.81653e+00 3.56693e+00
1.02963e+03 1.82466e+00 3.58156e+00
1.03302e+03 1.83282e+00 3.59612e+00
1.03640e+03 1.84102e+00 3.61063e+00
1.03979e+03 1.84924e+00 3.62506e+00
1.04319e+03 1.85749e+00 3.63944e+00
1.04658e+03 1.86577e+00 3.65375e+00
1.04997e+03 1.87409e+00 3.66800e+00
1.05336e+03 1.88242e+00 3.68218e+00
1.05675e+03 1.89079e+00 3.69631e+00
1.06014e+03 1.89918e+00 3.71037e+00
1.06354e+03 1.90760e+00 3.72437e+00
1.06693e+03 1.91605e+00 3.73832e+00
1.07033e+03 1.92452e+00 3.75220e+00
1.07372e+03 1.93301e+00 3.76602e+00
1.07711e+03 1.94153e+00 3.77979e+00
1.08051e+03 1.95008e+00 3.79350e+00
1.08391e+03 1.95865e+00 3.80715e+00
1.08730e+03 1.96724e+00 3.82074e+00
1.09070e+03 1.97585e+00 3.83427e+00
1.09410e+03 1.98449e+00 3.84775e+00
1.09750e+03 1.99314e+00 3.86118e+00
1.10089e+03 2.00182e+00 3.87454e+00
1.10429e+03 2.01052e+00 3.88786e+00
1.10769e+03 2.01924e+00 3.90111e+00
1.11109e+03 2.02798e+00 3.91432e+00
1.11449e+03 2.03674e+00 3.92747e+00
1.11789e+03 2.04552e+00 3.94056e+00
1.12129e+03 2.05432e+00 3.95361e+00
1.12470e+03 2.06314e+00 3.96660e+00
1.12810e+03 2.07197e+00 3.97953e+00
1.13150e+03 2.08083e+00 3.99242e+00
1.13490e+03 2.08970e+00 4.00525e+00
1.13831e+03 2.09859e+00 4.01804e+00
1.14171e+03 2.10750e+00 4.03077e+00
1.14511e+03 2.11642e+00 4.04345e+00
1.14852e+03 2.12536e+00 4.05608e+00
1.15192e+03 2.13431e+00 4.06866e+00
1.15533e+03 2.14329e+00 4.08119e+00
1.15874e+03 2.15227e+00 4.09367e+00
1.16214e+03 2.16127e+00 4.10611e+00
1.16555e+03 2.17029e+00 4.11849e+00
1.16896e+03 2.17932e+00 4.13083e+00
1.17237e+03 2.18837e+00 4.14312e+00
1.17578e+03 2.19743e+00 4.15536e+00
1.17918e+03 2.20651e+00 4.16755e+00
1.18259e+03 2.21559e+00 4.17970e+00
1.18600e+03 2.22470e+00 4.19180e+00
1.18942e+03 2.23381e+00 4.20385e+00
1.19283e+03 2.24294e+00 4.21586e+00
1.19624e+03 2.25208e+00 4.22783e+00
1.19965e+03 2.26123e+00 4.23974e+00
1.20306e+03 2.27040e+00 4.25161e+00
1.20647e+03 2.27958e+00 4.26344e+00
1.20989e+03 2.28877e+00 4.27522e+00
1.21330e+03 2.29797e+00 4.28696e+00
1.21672e+03 2.30718e+00 4.29866e+00
1.22013e+03 2.31640e+00 4.31031e+00
1.22355e+03 2.32563e+00 4.32192e+00
1.22696e+03 2.33488e+00 4.33348e+00
1.23038e+03 2.34413e+00 4.34500e+00
1.23379e+03 2.35340e+00 4.35648e+00
1.23721e+03 2.36267e+00 4.36792e+00
1.24063e+03 2.37196e+00 4.37931e+00
1.24405e+03 2.38125e+00 4.39067e+00
1.24747e+03 2.39056e+00 4.40198e+00
1.25088e+03 2.39987e+00 4.41325e+00
1.25430e+03 2.40919e+00 4.42448e+00
1.25772e+03 2.41853e+00 4.43567e+00
1.26114e+03 2.42787e+00 4.44681e+00
1.26456e+03 2.43722e+00 4.45792e+00
1.26799e+03 2.44657e+00 4.46899e+00
1.27141e+03 2.45594e+00 4.48001e+00
1.27483e+03 2.46531e+00 4.49100e+00
1.27825e+03 2.47470e+00 4.50195e+00
1.28168e+03 2.48408e+00 4.51286e+00
1.28510e+03 2.49348e+00 4.52373e+00
1.28852e+03 2.50289e+00 4.53456e+00
1.29195e+03 2.51230e+00 4.54536e+00
1.29537e+03 2.52172e+00 4.55611e+00
1.29880e+03 2.53114e+00 4.56683e+00
1.30222e+03 2.54058e+00 4.57751e+00
1.30565e+03 2.55002e+00 4.58815e+00
1.30908e+03 2.55946e+00 4.59876e+00
1.31251e+03 2.56892e+00 4.60932e+00
1.31593e+03 2.57837e+00 4.61985e+00
1.31936e+03 2.58784e+00 4.63035e+00
1.32279e+03 2.59731e+00 4.64081e+00
1.32622e+03 2.60679e+00 4.65123e+00
1.32965e+03 2.61627e+00 4.66161e+00
1.33308e+03 2.62576e+00 4.67196e+00
1.33651e+03 2.63525e+00 4.68227e+00
1.33994e+03 2.64475e+00 4.69255e+00
1.34337e+03 2.65426e+00 4.70279e+00
1.34680e+03 2.66377e+00 4.71300e+00
1.35024e+03 2.67328e+00 4.72318e+00
1.35367e+03 2.68280e+00 4.73331e+00
1.35710e+03 2.69233e+00 4.74342e+00
1.36054e+03 2.70186e+00 4.75349e+00
1.36397e+03 2.71139e+00 4.76352e+00
1.36741e+03 2.72093e+00 4.77352e+00
1.37084e+03 2.73047e+00 4.78349e+00
1.37428e+03 2.74002e+00 4.79342e+00
1.37771e+03 2.74957e+00 4.80332e+00
1.38115e+03 2.75912e+00 4.81319e+00
1.38459e+03 2.76868e+00 4.82302e+00
1.38803e+03 2.77824e+00 4.83282e+00
1.39146e+03 2.78781e+00 4.84259e+00
1.39490e+03 2.79738e+00 4.85233e+00
1.39834e+03 2.80695e+00 4.86203e+00
1.40178e+03 2.81653e+00 4.87170e+00
1.40522e+03 2.82611e+00 4.88134e+00
1.40866e+03 2.83569e+00 4.89095e+00
1.41210e+03 2.84528e+00 4.90053e+00
1.41554e+03 2.85487e+00 4.91007e+00
1.41899e+03 2.86446e+00 4.91958e+00
1.42243e+03 2.87405e+00 4.92906e+00
1.42587e+03 2.88365e+00 4.93852e+00
1.42931e+03 2.89325e+00 4.94794e+00
1.43276e+03 2.90286e+00 4.95732e+00
1.43620e+03 2.91246e+00 4.96668e+00
1.43965e+03 2.92207e+00 4.97601e+00
1.44309e+03 2.93168e+00 4.98531e+00
1.44654e+03 2.94129e+00 4.99458e+00
1.44998e+03 2.95091e+00 5.00382e+00
1.45343e+03 2.96053e+00 5.01302e+00
1.45688e+03 2.97014e+00 5.02220e+00
1.46032e+03 2.97976e+00 5.03135e+00
1.46377e+03 2.98939e+00 5.04047e+00
1.46722e+03 2.99901e+00 5.04956e+00
1.47067e+03 3.00864e+00 5.05862e+00
1.47412e+03 3.01827e+00 5.06766e+00
1.47757e+03 3.02790e+00 5.07666e+00
1.48102e+03 3.03753e+00 5.08563e+00
1.48447e+03 3.04716e+00 5.09458e+00
1.48792e+03 3.05679e+00 5.10350e+00
1.49137e+03 3.06643e+00 5.11239e+00
1.49482e+03 3.07606e+00 5.12125e+00
1.49828e+03 3.08570e+00 5.13009e+00
1.50173e+03 3.09534e+00 5.13889e+00
1.50518e+03 3.10498e+00 5.14767e+00
1.50864e+03 3.11462e+00 5.15642e+00
1.51209e+03 3.12426e+00 5.16515e+00
1.51555e+03 3.13390e+00 5.17384e+00
1.51900e+03 3.14355e+00 5.18251e+00
1.52246e+03 3.15319e+00 5.19116e+00
1.52591e+03 3.16284e+00 5.19977e+00
1.52937e+03 3.17248e+00 5.20836e+00
1.53283e+03 3.18213e+00 5.21692e+00
1.53628e+03 3.19177e+00 5.22546e+00
1.53974e+03 3.20142e+00 5.23397e+00
1.54320e+03 3.21107e+00 5.24245e+00
1.54666e+03 3.22072e+00 5.25091e+00
1.55012e+03 3.23036e+00 5.25934e+00
1.55358e+03 3.24001e+00 5.26775e+00
1.55704e+03 3.24966e+00 5.27613e+00
1.56050e+03 3.25931e+00 5.28448e+00
1.56396e+03 3.26896e+00 5.29281e+00
1.56742e+03 3.27860e+00 5.30112e+00
1.57089e+03 3.28825e+00 5.30940e+00
1.57435e+03 3.29790e+00 5.31765e+00
1.57781e+03 3.30755e+00 5.32588e+00
1.58128e+03 3.31720e+00 5.33408e+00
1.58474e+03 3.32684e+00 5.34226e+00
1.58820e+03 3.33649e+00 5.35041e+00
1.59167e+03 3.34614e+00 5.35855e+00
1.59514e+03 3.35579e+00 5.36665e+00
1.59860e+03 3.36543e+00 5.37473e+00
1.60207e+03 3.37508e+00 5.38279e+00
1.60553e+03 3.38472e+00 5.39082e+00
1.60900e+03 3.39437e+00 5.39883e+00
1.61247e+03 3.40401e+00 5.40682e+00
1.61594e+03 3.41365e+00 5.41478e+00
1.61941e+03 3.42330e+00 5.42272e+00
1.62288e+03 3.43294e+00 5.43063e+00
1.62635e+03 3.44258e+00 5.43852e+00
1.62982e+03 3.45222e+00 5.44639e+00
1.63329e+03 3.46186e+00 5.45423e+00
1.63676e+03 3.47150e+00 5.46206e+00
1.64023e+03 3.48114e+00 5.46985e+00
1.64370e+03 3.49078e+00 5.47763e+00
1.64717e+03 3.50041e+00 5.48538e+00
1.65065e+03 3.51005e+00 5.49311e+00
1.65412e+03 3.51968e+00 5.50082e+00
1.65759e+03 3.52931e+00 5.50851e+00
1.66107e+03 3.53895e+00 5.51617e+00
1.66454e+03 3.54858e+00 5.52381e+00
1.66802e+03 3.55821e+00 5.53143e+00
1.67150e+03 3.56784e+00 5.53902e+00
1.67497e+03 3.57746e+00 5.54660e+00
1.67845e+03 3.58709e+00 5.55415e+00
1.68193e+03 3.59671e+00 5.56168e+00
1.68540e+03 3.60634e+00 5.56919e+00
1.68888e+03 3.61596e+00 5.57668e+00
