370.126129	2.351497	0.002309	
371.715088	2.346240	0.001553	
373.304047	2.341133	0.000953	
374.893036	2.336184	0.000504	
376.482025	2.331403	0.000200	
378.071045	2.326809	0.000035	
379.660065	2.322441	0.000000	
381.249084	2.318323	0.000000	
382.838135	2.314391	0.000000	
384.427185	2.310614	0.000000	
386.016235	2.306975	0.000000	
387.605286	2.303460	0.000000	
389.194397	2.300061	0.000000	
390.783478	2.296766	0.000000	
392.372559	2.293571	0.000000	
393.961639	2.290467	0.000000	
395.550751	2.287451	0.000000	
397.139862	2.284516	0.000000	
398.728973	2.281658	0.000000	
400.318115	2.278875	0.000000	
401.907227	2.276161	0.000000	
403.496368	2.273514	0.000000	
405.085510	2.270931	0.000000	
406.674652	2.268408	0.000000	
408.263794	2.265944	0.000000	
409.852936	2.263535	0.000000	
411.442078	2.261180	0.000000	
413.031250	2.258877	0.000000	
414.620422	2.256623	0.000000	
416.209564	2.254417	0.000000	
417.798737	2.252256	0.000000	
419.387878	2.250141	0.000000	
420.977051	2.248068	0.000000	
422.566223	2.246036	0.000000	
424.155365	2.244044	0.000000	
425.744537	2.242091	0.000000	
427.333679	2.240176	0.000000	
428.922852	2.238296	0.000000	
430.512024	2.236452	0.000000	
432.101166	2.234642	0.000000	
433.690338	2.232865	0.000000	
435.279480	2.231119	0.000000	
436.868591	2.229406	0.000000	
438.457764	2.227722	0.000000	
440.046875	2.226068	0.000000	
441.636047	2.224442	0.000000	
443.225159	2.222844	0.000000	
444.814301	2.221272	0.000000	
446.403412	2.219728	0.000000	
447.992523	2.218209	0.000000	
449.581635	2.216715	0.000000	
451.170746	2.215245	0.000000	
452.759827	2.213799	0.000000	
454.348938	2.212376	0.000000	
455.937988	2.210975	0.000000	
457.527039	2.209597	0.000000	
459.116119	2.208240	0.000000	
460.705170	2.206904	0.000000	
462.294250	2.205588	0.000000	
463.883240	2.204293	0.000000	
465.472260	2.203016	0.000000	
467.061279	2.201759	0.000000	
468.650299	2.200521	0.000000	
470.239319	2.199300	0.000000	
471.828278	2.198098	0.000000	
473.417236	2.196913	0.000000	
475.006195	2.195744	0.000000	
476.595123	2.194593	0.000000	
478.184021	2.193458	0.000000	
479.772949	2.192338	0.000000	
481.361877	2.191235	0.000000	
482.950745	2.190147	0.000000	
484.539642	2.189073	0.000000	
486.128479	2.188015	0.000000	
487.717346	2.186970	0.000000	
489.306152	2.185940	0.000000	
490.894958	2.184924	0.000000	
492.483734	2.183921	0.000000	
494.072510	2.182931	0.000000	
495.661285	2.181954	0.000000	
497.250000	2.180990	0.000000	
498.838776	2.180039	0.000000	
500.427429	2.179100	0.000000	
502.016113	2.178173	0.000000	
503.604797	2.177257	0.000000	
505.193451	2.176354	0.000000	
506.782074	2.175461	0.000000	
508.370667	2.174580	0.000000	
509.959229	2.173710	0.000000	
511.547791	2.172850	0.000000	
513.136353	2.172001	0.000000	
514.724854	2.171163	0.000000	
516.313354	2.170334	0.000000	
517.901855	2.169516	0.000000	
519.490295	2.168707	0.000000	
521.078735	2.167908	0.000000	
522.667114	2.167119	0.000000	
524.255493	2.166339	0.000000	
525.843872	2.165568	0.000000	
527.432190	2.164806	0.000000	
529.020447	2.164053	0.000000	
530.608765	2.163309	0.000000	
532.197021	2.162573	0.000000	
533.785217	2.161846	0.000000	
535.373413	2.161127	0.000000	
536.961548	2.160416	0.000000	
538.549683	2.159713	0.000000	
540.137817	2.159018	0.000000	
541.725952	2.158331	0.000000	
543.313965	2.157651	0.000000	
544.901978	2.156979	0.000000	
546.489990	2.156314	0.000000	
548.078003	2.155657	0.000000	
549.665894	2.155007	0.000000	
551.253784	2.154364	0.000000	
552.841675	2.153728	0.000000	
554.429504	2.153098	0.000000	
556.017334	2.152476	0.000000	
557.605103	2.151860	0.000000	
559.192810	2.151250	0.000000	
560.780579	2.150647	0.000000	
562.368225	2.150050	0.000000	
563.955872	2.149460	0.000000	
565.543457	2.148875	0.000000	
567.131042	2.148297	0.000000	
568.718567	2.147725	0.000000	
570.306030	2.147159	0.000000	
571.893555	2.146598	0.000000	
573.480957	2.146043	0.000000	
575.068359	2.145494	0.000000	
576.655701	2.144950	0.000000	
578.243042	2.144412	0.000000	
579.830322	2.143879	0.000000	
581.417603	2.143351	0.000000	
583.004761	2.142829	0.000000	
584.591919	2.142312	0.000000	
586.179077	2.141800	0.000000	
587.766113	2.141293	0.000000	
589.353149	2.140791	0.000000	
590.940186	2.140294	0.000000	
592.527161	2.139801	0.000000	
594.114075	2.139314	0.000000	
595.700928	2.138831	0.000000	
597.287781	2.138353	0.000000	
598.874573	2.137879	0.000000	
600.461304	2.137410	0.000000	
602.048035	2.136945	0.000000	
603.634705	2.136485	0.000000	
605.221313	2.136029	0.000000	
606.807922	2.135577	0.000000	
608.394409	2.135129	0.000000	
609.980896	2.134686	0.000000	
611.567322	2.134246	0.000000	
613.153748	2.133811	0.000000	
614.740112	2.133380	0.000000	
616.326416	2.132953	0.000000	
617.912659	2.132529	0.000000	
619.498901	2.132110	0.000000	
621.085022	2.131694	0.000000	
622.671143	2.131282	0.000000	
624.257202	2.130874	0.000000	
625.843201	2.130469	0.000000	
627.429138	2.130068	0.000000	
629.015076	2.129670	0.000000	
630.600952	2.129277	0.000000	
632.186768	2.128886	0.000000	
633.772522	2.128499	0.000000	
635.358215	2.128115	0.000000	
636.943909	2.127735	0.000000	
638.529480	2.127358	0.000000	
640.115051	2.126984	0.000000	
641.700562	2.126614	0.000000	
643.286011	2.126247	0.000000	
644.871399	2.125883	0.000000	
646.456665	2.125522	0.000000	
648.041992	2.125164	0.000000	
649.627197	2.124809	0.000000	
651.212402	2.124457	0.000000	
652.797485	2.124108	0.000000	
654.382568	2.123762	0.000000	
655.967590	2.123419	0.000000	
657.552551	2.123079	0.000000	
659.137390	2.122742	0.000000	
660.722290	2.122407	0.000000	
662.307007	2.122075	0.000000	
663.891724	2.121746	0.000000	
665.476440	2.121420	0.000000	
667.060974	2.121096	0.000000	
668.645569	2.120775	0.000000	
670.230042	2.120457	0.000000	
671.814453	2.120141	0.000000	
673.398804	2.119828	0.000000	
674.983093	2.119517	0.000000	
676.567322	2.119209	0.000000	
678.151489	2.118904	0.000000	
679.735657	2.118600	0.000000	
681.319702	2.118299	0.000000	
682.903687	2.118001	0.000000	
684.487610	2.117705	0.000000	
686.071411	2.117411	0.000000	
687.655273	2.117120	0.000000	
689.238953	2.116831	0.000000	
690.822632	2.116544	0.000000	
692.406250	2.116259	0.000000	
693.989807	2.115977	0.000000	
695.573242	2.115697	0.000000	
697.156616	2.115418	0.000000	
698.739990	2.115143	0.000000	
700.323242	2.114869	0.000000	
701.906433	2.114597	0.000000	
703.489624	2.114328	0.000000	
705.072632	2.114060	0.000000	
706.655640	2.113795	0.000000	
708.238586	2.113531	0.000000	
709.821411	2.113270	0.000000	
711.404236	2.113010	0.000000	
712.986938	2.112753	0.000000	
714.569580	2.112497	0.000000	
716.152161	2.112243	0.000000	
717.734680	2.111991	0.000000	
719.317078	2.111742	0.000000	
720.899475	2.111493	0.000000	
722.481750	2.111247	0.000000	
724.063965	2.111003	0.000000	
725.646118	2.110760	0.000000	
727.228149	2.110519	0.000000	
728.810181	2.110280	0.000000	
730.392090	2.110043	0.000000	
731.973938	2.109807	0.000000	
733.555725	2.109573	0.000000	
735.137390	2.109341	0.000000	
736.718994	2.109111	0.000000	
738.300537	2.108882	0.000000	
739.882019	2.108654	0.000000	
741.463379	2.108429	0.000000	
743.044678	2.108205	0.000000	
744.625916	2.107982	0.000000	
746.207092	2.107762	0.000000	
747.788147	2.107542	0.000000	
749.369141	2.107325	0.000000	
750.950073	2.107109	0.000000	
752.530884	2.106894	0.000000	
754.111694	2.106681	0.000000	
755.692322	2.106469	0.000000	
757.272888	2.106259	0.000000	
758.853394	2.106050	0.000000	
760.433838	2.105843	0.000000	
762.014221	2.105637	0.000000	
763.594421	2.105433	0.000000	
765.174683	2.105230	0.000000	
766.754761	2.105028	0.000000	
768.334778	2.104828	0.000000	
769.914673	2.104629	0.000000	
771.494507	2.104431	0.000000	
773.074280	2.104235	0.000000	
774.653931	2.104041	0.000000	
776.233521	2.103847	0.000000	
777.813049	2.103655	0.000000	
779.392456	2.103464	0.000000	
780.971802	2.103274	0.000000	
782.551025	2.103086	0.000000	
784.130188	2.102899	0.000000	
785.709229	2.102713	0.000000	
787.288208	2.102528	0.000000	
788.867065	2.102345	0.000000	
790.445923	2.102163	0.000000	
792.024597	2.101982	0.000000	
793.603210	2.101802	0.000000	
795.181763	2.101624	0.000000	
796.760193	2.101446	0.000000	
798.338501	2.101270	0.000000	
799.916809	2.101095	0.000000	
801.494995	2.100921	0.000000	
803.073059	2.100748	0.000000	
804.651001	2.100576	0.000000	
806.228882	2.100406	0.000000	
807.806702	2.100236	0.000000	
809.384399	2.100068	0.000000	
810.962036	2.099900	0.000000	
812.539490	2.099734	0.000000	
814.116882	2.099569	0.000000	
815.694214	2.099405	0.000000	
817.271423	2.099242	0.000000	
818.848572	2.099080	0.000000	
820.425598	2.098918	0.000000	
822.002563	2.098758	0.000000	
823.579407	2.098599	0.000000	
825.156128	2.098441	0.000000	
826.732727	2.098284	0.000000	
828.309265	2.098128	0.000000	
829.885742	2.097973	0.000000	
831.462097	2.097819	0.000000	
833.038269	2.097666	0.000000	
834.614441	2.097514	0.000000	
836.190552	2.097363	0.000000	
837.766418	2.097212	0.000000	
839.342285	2.097063	0.000000	
840.918091	2.096915	0.000000	
842.493652	2.096767	0.000000	
844.069214	2.096620	0.000000	
845.644653	2.096474	0.000000	
847.219910	2.096330	0.000000	
848.795227	2.096186	0.000000	
850.370300	2.096043	0.000000	
851.945313	2.095900	0.000000	
853.520203	2.095759	0.000000	
855.095032	2.095618	0.000000	
856.669739	2.095479	0.000000	
858.244324	2.095340	0.000000	
859.818848	2.095202	0.000000	
861.393250	2.095065	0.000000	
862.967468	2.094928	0.000000	
864.541687	2.094793	0.000000	
866.115723	2.094658	0.000000	
867.689636	2.094524	0.000000	
869.263550	2.094391	0.000000	
870.837280	2.094258	0.000000	
872.410950	2.094127	0.000000	
873.984375	2.093996	0.000000	
875.557800	2.093866	0.000000	
877.131165	2.093737	0.000000	
878.704285	2.093608	0.000000	
880.277344	2.093480	0.000000	
881.850281	2.093353	0.000000	
883.423157	2.093227	0.000000	
884.995911	2.093101	0.000000	
886.568542	2.092976	0.000000	
888.141113	2.092852	0.000000	
889.713501	2.092729	0.000000	
891.285767	2.092606	0.000000	
892.857910	2.092484	0.000000	
894.429993	2.092363	0.000000	
896.001953	2.092242	0.000000	
897.573730	2.092122	0.000000	
899.145386	2.092003	0.000000	
900.717102	2.091884	0.000000	
902.288574	2.091767	0.000000	
903.859863	2.091649	0.000000	
905.431152	2.091533	0.000000	
907.002258	2.091417	0.000000	
908.573242	2.091301	0.000000	
910.144165	2.091187	0.000000	
911.714966	2.091073	0.000000	
913.285522	2.090960	0.000000	
914.856079	2.090847	0.000000	
916.426453	2.090735	0.000000	
917.996765	2.090623	0.000000	
919.567017	2.090513	0.000000	
921.137024	2.090402	0.000000	
922.706909	2.090293	0.000000	
924.276733	2.090183	0.000000	
925.846375	2.090075	0.000000	
927.416016	2.089967	0.000000	
928.985474	2.089860	0.000000	
930.554688	2.089753	0.000000	
932.123901	2.089648	0.000000	
933.692993	2.089542	0.000000	
935.261902	2.089437	0.000000	
936.830750	2.089333	0.000000	
938.399414	2.089229	0.000000	
939.967957	2.089126	0.000000	
941.536438	2.089023	0.000000	
943.104675	2.088921	0.000000	
944.672974	2.088819	0.000000	
946.241028	2.088718	0.000000	
947.808899	2.088618	0.000000	
949.376648	2.088518	0.000000	
950.944336	2.088418	0.000000	
952.511902	2.088320	0.000000	
954.079285	2.088221	0.000000	
955.646606	2.088124	0.000000	
957.213745	2.088026	0.000000	
958.780762	2.087929	0.000000	
960.347656	2.087833	0.000000	
961.914429	2.087737	0.000000	
963.481079	2.087642	0.000000	
965.047546	2.087547	0.000000	
966.613892	2.087453	0.000000	
968.180176	2.087359	0.000000	
969.746216	2.087266	0.000000	
971.312195	2.087173	0.000000	
972.878052	2.087081	0.000000	
974.443726	2.086989	0.000000	
976.009277	2.086898	0.000000	
977.574707	2.086807	0.000000	
979.140015	2.086716	0.000000	
980.705200	2.086626	0.000000	
982.270203	2.086537	0.000000	
983.835083	2.086448	0.000000	
985.399780	2.086359	0.000000	
986.964355	2.086271	0.000000	
988.528931	2.086183	0.000000	
990.093140	2.086096	0.000000	
991.657410	2.086009	0.000000	
993.221497	2.085923	0.000000	
994.785339	2.085837	0.000000	
996.349121	2.085752	0.000000	
997.912781	2.085666	0.000000	
999.476257	2.085582	0.000000	
1010.206848	2.085012	0.000000	
1013.562012	2.084838	0.000000	
1016.917297	2.084666	0.000000	
1020.272827	2.084495	0.000000	
1023.628601	2.084326	0.000000	
1026.984619	2.084159	0.000000	
1030.340942	2.083994	0.000000	
1033.697510	2.083830	0.000000	
1037.054321	2.083668	0.000000	
1040.411377	2.083507	0.000000	
1043.768677	2.083349	0.000000	
1047.126221	2.083191	0.000000	
1050.484131	2.083035	0.000000	
1053.842285	2.082881	0.000000	
1057.200806	2.082729	0.000000	
1060.559570	2.082578	0.000000	
1063.918701	2.082428	0.000000	
1067.278076	2.082280	0.000000	
1070.637939	2.082133	0.000000	
1073.997925	2.081988	0.000000	
1077.358398	2.081844	0.000000	
1080.719116	2.081702	0.000000	
1084.080322	2.081560	0.000000	
1087.441772	2.081421	0.000000	
1090.803589	2.081282	0.000000	
1094.165894	2.081145	0.000000	
1097.528564	2.081009	0.000000	
1100.891479	2.080875	0.000000	
1104.255005	2.080741	0.000000	
1107.618774	2.080610	0.000000	
1110.983032	2.080479	0.000000	
1114.347656	2.080349	0.000000	
1117.712646	2.080221	0.000000	
1121.078125	2.080094	0.000000	
1124.444092	2.079967	0.000000	
1127.810425	2.079843	0.000000	
1131.177368	2.079719	0.000000	
1134.544678	2.079597	0.000000	
1137.912354	2.079475	0.000000	
1141.280518	2.079355	0.000000	
1144.649170	2.079236	0.000000	
1148.018433	2.079117	0.000000	
1151.388062	2.079000	0.000000	
1154.758301	2.078884	0.000000	
1158.129028	2.078769	0.000000	
1161.500244	2.078655	0.000000	
1164.871826	2.078542	0.000000	
1168.244141	2.078430	0.000000	
1171.616943	2.078319	0.000000	
1174.990234	2.078209	0.000000	
1178.364136	2.078100	0.000000	
1181.738525	2.077992	0.000000	
1185.113525	2.077885	0.000000	
1188.489014	2.077778	0.000000	
1191.865234	2.077673	0.000000	
1195.241943	2.077569	0.000000	
1198.619263	2.077465	0.000000	
1201.997192	2.077363	0.000000	
1205.375732	2.077261	0.000000	
1208.754761	2.077160	0.000000	
1212.134521	2.077060	0.000000	
1215.514893	2.076961	0.000000	
1218.895874	2.076862	0.000000	
1222.277588	2.076765	0.000000	
1225.659790	2.076668	0.000000	
1229.042725	2.076572	0.000000	
1232.426270	2.076477	0.000000	
1235.810547	2.076382	0.000000	
1239.195557	2.076289	0.000000	
1242.581055	2.076196	0.000000	
1245.967407	2.076104	0.000000	
1249.354370	2.076013	0.000000	
1252.742065	2.075922	0.000000	
1256.130493	2.075833	0.000000	
1259.519531	2.075744	0.000000	
1262.909424	2.075655	0.000000	
1266.300049	2.075568	0.000000	
1269.691284	2.075481	0.000000	
1273.083252	2.075395	0.000000	
1276.476074	2.075309	0.000000	
1279.869629	2.075224	0.000000	
1283.263916	2.075140	0.000000	
1286.659058	2.075057	0.000000	
1290.054932	2.074974	0.000000	
1293.451538	2.074892	0.000000	
1296.848999	2.074810	0.000000	
1300.247314	2.074729	0.000000	
1303.646362	2.074649	0.000000	
1307.046143	2.074569	0.000000	
1310.446899	2.074490	0.000000	
1313.848389	2.074412	0.000000	
1317.250732	2.074334	0.000000	
1320.653931	2.074257	0.000000	
1324.057983	2.074180	0.000000	
1327.462891	2.074104	0.000000	
1330.868652	2.074029	0.000000	
1334.275269	2.073954	0.000000	
1337.682861	2.073880	0.000000	
1341.091187	2.073806	0.000000	
1344.500488	2.073733	0.000000	
1347.910645	2.073660	0.000000	
1351.321655	2.073588	0.000000	
1354.733643	2.073517	0.000000	
1358.146606	2.073446	0.000000	
1361.560425	2.073375	0.000000	
1364.975220	2.073305	0.000000	
1368.390869	2.073236	0.000000	
1371.807617	2.073167	0.000000	
1375.225342	2.073098	0.000000	
1378.643799	2.073030	0.000000	
1382.063354	2.072963	0.000000	
1385.483887	2.072896	0.000000	
1388.905396	2.072830	0.000000	
1392.327881	2.072764	0.000000	
1395.751465	2.072698	0.000000	
1399.175903	2.072634	0.000000	
1402.601440	2.072569	0.000000	
1406.027954	2.072505	0.000000	
1409.455566	2.072441	0.000000	
1412.884033	2.072378	0.000000	
1416.313721	2.072315	0.000000	
1419.744385	2.072253	0.000000	
1423.176147	2.072191	0.000000	
1426.609009	2.072130	0.000000	
1430.042847	2.072069	0.000000	
1433.477783	2.072009	0.000000	
1436.913818	2.071949	0.000000	
1440.350830	2.071889	0.000000	
1443.789185	2.071830	0.000000	
1447.228394	2.071771	0.000000	
1450.668823	2.071712	0.000000	
1454.110474	2.071655	0.000000	
1457.553101	2.071597	0.000000	
1460.996826	2.071540	0.000000	
1464.441895	2.071483	0.000000	
1467.887939	2.071427	0.000000	
1471.335205	2.071371	0.000000	
1474.783569	2.071315	0.000000	
1478.233154	2.071259	0.000000	
1481.683960	2.071205	0.000000	
1485.135864	2.071150	0.000000	
1488.588989	2.071096	0.000000	
1492.043335	2.071042	0.000000	
1495.498779	2.070989	0.000000	
1498.955688	2.070936	0.000000	
1502.413574	2.070883	0.000000	
1505.872803	2.070831	0.000000	
1509.333252	2.070779	0.000000	
1512.794800	2.070727	0.000000	
1516.257813	2.070676	0.000000	
1519.721924	2.070625	0.000000	
1523.187378	2.070574	0.000000	
1526.654053	2.070524	0.000000	
1530.122070	2.070474	0.000000	
1533.591309	2.070424	0.000000	
1537.061768	2.070375	0.000000	
1540.533691	2.070326	0.000000	
1544.006836	2.070277	0.000000	
1547.481323	2.070229	0.000000	
1550.957153	2.070181	0.000000	
1554.434326	2.070133	0.000000	
1557.912720	2.070086	0.000000	
1561.392456	2.070039	0.000000	
1564.873657	2.069992	0.000000	
1568.356201	2.069945	0.000000	
1571.840088	2.069899	0.000000	
1575.325317	2.069853	0.000000	
1578.811768	2.069808	0.000000	
1582.299927	2.069762	0.000000	
1585.789307	2.069717	0.000000	
1589.280029	2.069672	0.000000	
1592.772217	2.069628	0.000000	
1596.265869	2.069584	0.000000	
1599.760986	2.069540	0.000000	
1603.257324	2.069496	0.000000	
1606.755249	2.069453	0.000000	
1610.254639	2.069410	0.000000	
1613.755371	2.069367	0.000000	
1617.257568	2.069324	0.000000	
1620.761475	2.069282	0.000000	
1624.266602	2.069240	0.000000	
1627.773193	2.069198	0.000000	
1631.281494	2.069156	0.000000	
1634.791138	2.069115	0.000000	
1638.302246	2.069074	0.000000	
1641.814819	2.069033	0.000000	
1645.329102	2.068993	0.000000	
1648.844727	2.068953	0.000000	